6 0.46953125 0.621875 0.40390625 0.20078125
6 0.4890625 0.45390625 0.3265625 0.1390625
6 0.8453125 0.52734375 0.30859375 0.134375
6 0.8484375 0.91953125 0.303125 0.1375
6 0.11328125 0.92890625 0.2265625 0.1421875
6 0.10625 0.80078125 0.21171875 0.10234375
6 0.12421875 0.6046875 0.2421875 0.13828125
6 0.11171875 0.3140625 0.2234375 0.1125
6 0.27109375 0.19140625 0.221875 0.11953125
6 0.503125 0.3015625 0.3515625 0.15703125
6 0.8203125 0.41015625 0.31171875 0.11484375
6 0.8390625 0.65859375 0.321875 0.12734375
6 0.5875 0.846875 0.25546875 0.171875