6 0.39296875 0.8125 0.63984375 0.1765625
6 0.4453125 0.63984375 0.48828125 0.115625
6 0.4609375 0.50390625 0.43828125 0.09296875
6 0.5015625 0.42421875 0.365625 0.08515625
6 0.50234375 0.35 0.31640625 0.05703125
6 0.503125 0.3 0.29140625 0.0546875
6 0.40546875 0.246875 0.2515625 0.05234375
6 0.69140625 0.24296875 0.2375 0.053125
6 0.6671875 0.2015625 0.2234375 0.04140625
6 0.3921875 0.19609375 0.24609375 0.0640625
6 0.40546875 0.1390625 0.2171875 0.05234375
6 0.68125 0.13515625 0.2515625 0.05703125
6 0.67734375 0.17421875 0.228125 0.04375