5 0.174688 0.880843 0.284375 0.236480
5 0.097812 0.324473 0.029375 0.032998
5 0.162500 0.530248 0.071250 0.107241
5 0.275938 0.518332 0.046875 0.105408
5 0.446250 0.836847 0.196250 0.295142
5 0.420312 0.328597 0.028125 0.030247
5 0.464375 0.501375 0.055000 0.089826
5 0.539062 0.488085 0.025625 0.090743
5 0.640937 0.769936 0.165625 0.210816
5 0.634688 0.353346 0.019375 0.032081
5 0.665313 0.500459 0.041875 0.076993
5 0.726250 0.488542 0.017500 0.073327
5 0.792188 0.711733 0.146875 0.209899
5 0.778750 0.329973 0.017500 0.021999
5 0.808750 0.460128 0.042500 0.071494
5 0.866563 0.452796 0.019375 0.073327
5 0.926250 0.672778 0.110000 0.087993
5 0.915312 0.346013 0.014375 0.021082
5 0.936875 0.461503 0.040000 0.059578
5 0.986875 0.454171 0.011250 0.059579
