2 0.754406 0.172778 0.427937 0.345555
2 0.158849 0.267162 0.317697 0.429933
2 0.783139 0.497777 0.085061 0.211468
2 0.584899 0.594646 0.359091 0.307985
2 0.904730 0.761362 0.190541 0.298233
2 0.584687 0.857988 0.258760 0.224124
2 0.213045 0.714248 0.410559 0.404705
2 0.158849 0.266992 0.317697 0.430272
2 0.213045 0.714418 0.410559 0.404366
2 0.584687 0.857988 0.258082 0.224124
2 0.781781 0.497155 0.087099 0.210223
2 0.584446 0.594646 0.359997 0.307985
2 0.913950 0.761304 0.172101 0.299928
2 0.759952 0.172831 0.416846 0.345662