2 0.205078 0.193848 0.410156 0.387695
2 0.208984 0.816406 0.417969 0.367188
2 0.547852 0.217285 0.216797 0.063477
2 0.598633 0.436035 0.322266 0.333008
2 0.832031 0.122070 0.289062 0.244141
2 0.862305 0.485352 0.212891 0.263672
2 0.659180 0.817383 0.396484 0.365234
2 0.208984 0.816406 0.417969 0.367188
2 0.659180 0.817383 0.396484 0.365234
2 0.862305 0.485352 0.212891 0.263672
2 0.546875 0.217773 0.214844 0.064453
2 0.599609 0.436035 0.324219 0.333008
2 0.832031 0.114258 0.285156 0.228516
2 0.205566 0.191895 0.409180 0.383789