2 0.415751 0.680508 0.474824 0.424674
2 0.778077 0.816751 0.369709 0.366497
2 0.514670 0.134130 0.298708 0.261228
2 0.222512 0.387945 0.445024 0.431410
2 0.816931 0.242417 0.320883 0.304325
2 0.938476 0.421086 0.123049 0.268037
2 0.136170 0.804779 0.272340 0.275726
2 0.227362 0.092317 0.270015 0.184634
2 0.778077 0.816751 0.369709 0.366497
2 0.428192 0.680443 0.449943 0.422851
2 0.136170 0.804779 0.272340 0.275726
2 0.222162 0.389345 0.444324 0.431410
2 0.215648 0.090844 0.221389 0.181687
2 0.512726 0.135888 0.305136 0.263345
2 0.816793 0.242417 0.319759 0.304325
2 0.938476 0.420496 0.123049 0.270130