2 0.319336 0.517090 0.431641 0.471680
2 0.250977 0.129395 0.501953 0.258789
2 0.852539 0.627930 0.255859 0.298828
2 0.497070 0.796875 0.443359 0.406250
2 0.846680 0.308594 0.306641 0.324219
2 0.766602 0.089355 0.287109 0.178711
2 0.106445 0.714355 0.212891 0.307617
2 0.776367 0.890625 0.228516 0.218750
2 0.250977 0.128418 0.501953 0.256836
2 0.319336 0.491699 0.431641 0.420898
2 0.106445 0.713379 0.212891 0.305664
2 0.494141 0.796875 0.449219 0.406250
2 0.785156 0.904297 0.207031 0.191406
2 0.853516 0.627930 0.257812 0.298828
2 0.846680 0.308105 0.306641 0.323242
2 0.766602 0.089355 0.287109 0.178711