12 0.861250 0.857143 0.201250 0.263306
12 0.054688 0.859477 0.109375 0.279178
12 0.118750 0.442577 0.221250 0.367880
12 0.091250 0.108310 0.161250 0.216620
12 0.171875 0.859477 0.105000 0.279178
12 0.276875 0.119047 0.261250 0.213819
12 0.279062 0.542951 0.185625 0.288515
12 0.326562 0.759571 0.278125 0.408029
12 0.271875 0.303922 0.151250 0.288515
12 0.312812 0.985994 0.181875 0.026143
12 0.447500 0.273110 0.287500 0.411765
12 0.523750 0.614846 0.288750 0.394958
12 0.539687 0.927638 0.281875 0.142857
12 0.731250 0.290383 0.267500 0.369748
12 0.688438 0.860411 0.171875 0.277311
12 0.772187 0.591970 0.239375 0.463118
12 0.917813 0.404295 0.130625 0.321196
12 0.952812 0.573763 0.093125 0.415500
