13 0.019062 0.505628 0.038125 0.076923
13 0.035000 0.568949 0.070000 0.115385
13 0.499688 0.350845 0.999375 0.121951
13 0.019062 0.418855 0.030625 0.045967
13 0.068125 0.491088 0.057500 0.062852
13 0.123125 0.459663 0.047500 0.058161
13 0.205938 0.702627 0.110625 0.133208
13 0.205313 0.421670 0.039375 0.040338
13 0.256562 0.755629 0.134375 0.188555
13 0.259687 0.422607 0.045625 0.030957
13 0.313438 0.610225 0.113125 0.117261
13 0.370000 0.799719 0.148750 0.214821
13 0.354063 0.548781 0.078125 0.090057
13 0.362187 0.448874 0.059375 0.066604
13 0.430000 0.523453 0.056250 0.078799
13 0.452500 0.570357 0.072500 0.075047
13 0.532500 0.871013 0.168750 0.224202
13 0.486875 0.451689 0.050000 0.057223
13 0.527500 0.441369 0.043750 0.051595
13 0.546563 0.539869 0.071875 0.111632
13 0.564688 0.519231 0.056875 0.060976
13 0.565937 0.446998 0.038125 0.051594
13 0.626875 0.674953 0.142500 0.166042
13 0.608750 0.492496 0.050000 0.069419
13 0.654375 0.483583 0.058750 0.059099
13 0.727500 0.752814 0.115000 0.194184
13 0.715938 0.437617 0.040625 0.044090
13 0.765312 0.844747 0.134375 0.201689
13 0.740313 0.509381 0.079375 0.088180
13 0.737813 0.573639 0.071875 0.098499
13 0.755625 0.432926 0.043750 0.034709
13 0.800313 0.616323 0.094375 0.136961
13 0.849687 0.463415 0.068125 0.103189
13 0.890312 0.440432 0.025625 0.042213
13 0.938125 0.463415 0.032500 0.065666
13 0.964063 0.772046 0.070625 0.163227
13 0.965938 0.467167 0.066875 0.106942
