2 0.569036 0.194269 0.677990 0.388539
2 0.354309 0.505514 0.553119 0.582099
2 0.759926 0.794264 0.480149 0.345550
2 0.434455 0.880326 0.329159 0.213021
2 0.910599 0.619468 0.178802 0.483909
2 0.101060 0.558333 0.202121 0.451099
2 0.090561 0.305526 0.181122 0.288585
2 0.569036 0.193511 0.677990 0.387022
2 0.353366 0.505767 0.553995 0.582604
2 0.432889 0.880326 0.330540 0.213021
2 0.102004 0.560657 0.204008 0.449213
2 0.088742 0.305312 0.177484 0.289012
2 0.913226 0.624056 0.173549 0.475229
2 0.758982 0.794264 0.482035 0.345550