2 0.203125 0.326660 0.406250 0.649414
2 0.461914 0.643066 0.583984 0.555664
2 0.827148 0.337402 0.345703 0.448242
2 0.849609 0.660645 0.238281 0.286133
2 0.752930 0.122070 0.494141 0.244141
2 0.457031 0.914062 0.449219 0.171875
2 0.163574 0.869141 0.325195 0.261719
2 0.204102 0.326660 0.408203 0.649414
2 0.461914 0.645020 0.583984 0.555664
2 0.849609 0.660156 0.238281 0.289062
2 0.459961 0.915039 0.447266 0.169922
2 0.163574 0.872070 0.325195 0.255859
2 0.757812 0.121582 0.484375 0.243164
2 0.827148 0.337402 0.345703 0.448242