2 0.267358 0.809577 0.414925 0.380847
2 0.130547 0.553451 0.257627 0.110838
2 0.174873 0.361517 0.349746 0.285366
2 0.264909 0.809225 0.412066 0.381551
2 0.965290 0.714253 0.069421 0.085471
2 0.886360 0.661805 0.133809 0.092200
2 0.941920 0.560458 0.116159 0.076756
2 0.751267 0.828691 0.252908 0.239831
2 0.818850 0.194930 0.083830 0.054147
2 0.739837 0.316505 0.309312 0.083213
2 0.107415 0.550857 0.193959 0.085678
2 0.175760 0.360876 0.351519 0.289860
2 0.267308 0.809133 0.415025 0.381733
2 0.753024 0.828691 0.252875 0.239831
2 0.965273 0.715550 0.069454 0.082877
2 0.885933 0.661362 0.132955 0.091313
2 0.941920 0.561185 0.116159 0.075302
2 0.818407 0.195506 0.084717 0.055299
2 0.738967 0.316159 0.311053 0.082521