2 0.719293 0.812237 0.420500 0.375526
2 0.867211 0.572602 0.253903 0.122070
2 0.829589 0.384361 0.340823 0.292802
2 0.723566 0.812106 0.416001 0.375788
2 0.029160 0.687456 0.058319 0.082221
2 0.106231 0.641953 0.134761 0.089385
2 0.057036 0.532812 0.114072 0.072378
2 0.233062 0.817984 0.255798 0.236893
2 0.196456 0.179367 0.083545 0.055549
2 0.270207 0.300800 0.307308 0.089774
2 0.890211 0.571016 0.190987 0.093750
2 0.828612 0.384022 0.342776 0.296553
2 0.719686 0.811749 0.421285 0.376502
2 0.231240 0.817984 0.255536 0.236893
2 0.029290 0.688659 0.058581 0.079814
2 0.106589 0.641465 0.134046 0.088409
2 0.057036 0.533219 0.114072 0.071564
2 0.196945 0.180212 0.084521 0.057241
2 0.271053 0.300800 0.308999 0.089774