15 0.012696 0.575521 0.021485 0.028646
15 0.014649 0.597005 0.025391 0.024740
15 0.050781 0.729818 0.039062 0.058594
15 0.043945 0.570312 0.017578 0.026041
15 0.089356 0.735677 0.041993 0.059896
15 0.102051 0.937500 0.038086 0.062500
15 0.127442 0.867188 0.049805 0.049479
15 0.140136 0.549479 0.071289 0.057292
15 0.131348 0.919270 0.036133 0.046875
15 0.197266 0.807943 0.044922 0.048177
15 0.197266 0.764974 0.031250 0.042968
15 0.218262 0.429036 0.020508 0.027343
15 0.233887 0.770182 0.032227 0.048177
15 0.233887 0.694661 0.012695 0.042969
15 0.266601 0.679037 0.029297 0.050781
15 0.414062 0.566407 0.015625 0.020833
15 0.435059 0.566406 0.016601 0.026042
15 0.443848 0.575521 0.014649 0.028646
15 0.505371 0.986328 0.038086 0.024740
15 0.599121 0.652344 0.018554 0.031250
15 0.600098 0.816407 0.020508 0.020833
15 0.613769 0.839193 0.026367 0.024739
15 0.648438 0.501303 0.076171 0.080729
15 0.623047 0.643880 0.023438 0.029948
15 0.625977 0.817709 0.015625 0.023437
15 0.641114 0.565755 0.022461 0.027344
15 0.657714 0.572917 0.008789 0.018229
