8 0.062813 0.954584 0.059375 0.089167
8 0.102188 0.345833 0.045625 0.070000
8 0.110625 0.551667 0.062500 0.080000
8 0.104375 0.944584 0.041250 0.079167
8 0.112813 0.880833 0.058125 0.058333
8 0.157188 0.380000 0.025625 0.050000
8 0.301250 0.868750 0.042500 0.069166
8 0.327500 0.124583 0.043750 0.062500
8 0.481875 0.602500 0.050000 0.060000
8 0.526563 0.908750 0.059375 0.070834
8 0.529062 0.597500 0.046875 0.063334
8 0.530313 0.254584 0.049375 0.080833
8 0.564063 0.939167 0.051875 0.061667
8 0.571562 0.975000 0.059375 0.048334
8 0.576250 0.177084 0.061250 0.070833
8 0.580938 0.265834 0.051875 0.083333
8 0.611250 0.873750 0.042500 0.055834
8 0.642813 0.722916 0.049375 0.070833
8 0.655000 0.826250 0.052500 0.060834
8 0.655000 0.890416 0.050000 0.074167
8 0.676875 0.634584 0.045000 0.034167
8 0.690625 0.734166 0.048750 0.068333
8 0.698125 0.660834 0.031250 0.053333
8 0.721250 0.640417 0.038750 0.060833
8 0.725313 0.514583 0.046875 0.064167
8 0.762813 0.462917 0.049375 0.060833
8 0.752500 0.516250 0.023750 0.042500
