6 0.149306 0.178386 0.048611 0.020833
6 0.153646 0.029296 0.039930 0.042969
6 0.391493 0.319661 0.036458 0.027343
6 0.428820 0.398438 0.055555 0.036459
6 0.427952 0.374349 0.039931 0.029948
6 0.497396 0.098958 0.032986 0.023437
6 0.719618 0.649089 0.074652 0.032553
6 0.756945 0.687500 0.059027 0.026042
6 0.764757 0.513021 0.043402 0.028646
6 0.819445 0.657552 0.052083 0.020834
6 0.865451 0.661458 0.032986 0.013021
6 0.887153 0.276041 0.017361 0.015625
6 0.912326 0.630860 0.032986 0.037761
6 0.914062 0.238932 0.015625 0.019531
6 0.942709 0.248698 0.020833 0.018229
6 0.958333 0.660157 0.024305 0.015625
6 0.981771 0.686198 0.022570 0.033854
