15 0.271562 0.815417 0.451875 0.184167
15 0.105000 0.826666 0.030000 0.048333
15 0.168125 0.790000 0.030000 0.051666
15 0.170625 0.841250 0.035000 0.057500
15 0.182188 0.777500 0.019375 0.036666
15 0.240625 0.827500 0.037500 0.066666
15 0.249688 0.875000 0.053125 0.061666
15 0.255938 0.783750 0.053125 0.075834
15 0.271563 0.849167 0.031875 0.051667
15 0.286250 0.889166 0.041250 0.046667
15 0.308438 0.792917 0.061875 0.067500
15 0.315937 0.850417 0.051875 0.069167
15 0.335938 0.922083 0.018125 0.032500
15 0.597812 0.860417 0.531875 0.277500
15 0.369062 0.875834 0.055625 0.073333
15 0.380312 0.887084 0.058125 0.065833
15 0.404375 0.921250 0.080000 0.089166
15 0.422500 0.846666 0.053750 0.056667
15 0.444688 0.752500 0.051875 0.048334
15 0.446563 0.887083 0.050625 0.079167
15 0.459375 0.817084 0.042500 0.039167
15 0.485938 0.922084 0.054375 0.119167
15 0.492188 0.839584 0.066875 0.074167
15 0.490313 0.794583 0.026875 0.022500
15 0.514062 0.780417 0.018125 0.020833
15 0.518750 0.796250 0.022500 0.025834
15 0.531562 0.770416 0.021875 0.025833
15 0.549687 0.858333 0.053125 0.056667
15 0.553438 0.882500 0.053125 0.056666
15 0.547813 0.780417 0.035625 0.034167
15 0.555000 0.811250 0.050000 0.065834
15 0.580625 0.979167 0.032500 0.040000
15 0.607187 0.919583 0.080625 0.104167
15 0.596250 0.840833 0.050000 0.055000
15 0.616250 0.831667 0.033750 0.041667
15 0.635000 0.980834 0.066250 0.033333
15 0.649062 0.882916 0.060625 0.070833
15 0.655625 0.825833 0.052500 0.070000
15 0.686250 0.931667 0.075000 0.100000
15 0.693750 0.979167 0.062500 0.040000
15 0.697500 0.835834 0.048750 0.053333
15 0.720938 0.895000 0.069375 0.108334
15 0.717500 0.814584 0.035000 0.030833
15 0.744688 0.978334 0.048125 0.041667
15 0.750625 0.831250 0.041250 0.074166
15 0.759062 0.955000 0.058125 0.063334
15 0.774375 0.848750 0.066250 0.075834
15 0.768125 0.792917 0.050000 0.029167
15 0.771875 0.927500 0.047500 0.040000
15 0.793125 0.890417 0.038750 0.024167
15 0.813125 0.821666 0.040000 0.051667
15 0.823750 0.875833 0.032500 0.033333
15 0.840313 0.863750 0.060625 0.042500
