10 0.195312 0.284375 0.103125 0.093750
10 0.187500 0.372657 0.084374 0.089063
10 0.252343 0.413281 0.117187 0.073437
10 0.320312 0.271093 0.103125 0.092187
10 0.350000 0.095312 0.131250 0.090625
10 0.408593 0.378125 0.198437 0.209374
10 0.429688 0.189843 0.187500 0.189063
10 0.473438 0.784375 0.184375 0.196874
10 0.596874 0.308594 0.065625 0.098437
10 0.690625 0.446094 0.206250 0.195313
10 0.646875 0.214844 0.112500 0.126563
10 0.692187 0.930469 0.178125 0.035938
10 0.683593 0.321094 0.079687 0.085937
10 0.873437 0.391406 0.137499 0.182812
10 0.907031 0.819531 0.123438 0.239062
