2 0.432418 0.210637 0.554805 0.421273
2 0.840881 0.172870 0.280298 0.345741
2 0.077344 0.406212 0.154689 0.406708
2 0.493861 0.630303 0.431393 0.405016
2 0.909108 0.756815 0.181784 0.279202
2 0.906571 0.474822 0.186858 0.262933
2 0.595925 0.863237 0.413620 0.273526
2 0.170849 0.820651 0.309370 0.300003
2 0.432316 0.211302 0.554600 0.422603
2 0.840983 0.173559 0.280502 0.347117
2 0.906673 0.475793 0.186654 0.264467
2 0.908443 0.755537 0.183114 0.281348
2 0.484303 0.629997 0.413095 0.404812
2 0.596896 0.863135 0.415562 0.273731
2 0.170951 0.817595 0.309575 0.293890
2 0.077344 0.405594 0.154689 0.407944
2 0.076679 0.405649 0.153359 0.407833