2 0.244141 0.375488 0.472656 0.536133
2 0.468750 0.691895 0.484375 0.458008
2 0.854492 0.489746 0.291016 0.331055
2 0.828125 0.164551 0.343750 0.329102
2 0.396484 0.906250 0.417969 0.187500
2 0.084961 0.677246 0.169922 0.209961
2 0.758789 0.812988 0.306641 0.286133
2 0.244141 0.375488 0.472656 0.536133
2 0.084961 0.677246 0.169922 0.209961
2 0.396484 0.906250 0.417969 0.187500
2 0.757812 0.815918 0.308594 0.280273
2 0.467773 0.690918 0.482422 0.456055
2 0.854492 0.489746 0.291016 0.331055
2 0.829102 0.166016 0.341797 0.332031