2 0.347066 0.262137 0.544902 0.476475
2 0.690526 0.452576 0.443924 0.489949
2 0.523703 0.857371 0.328688 0.285257
2 0.199064 0.844382 0.337978 0.311236
2 0.896421 0.358748 0.207159 0.417910
2 0.636141 0.078056 0.204391 0.156113
2 0.839161 0.730203 0.277299 0.312744
2 0.347066 0.262052 0.544562 0.476305
2 0.636498 0.078056 0.205107 0.156113
2 0.896421 0.358833 0.207159 0.418081
2 0.842609 0.728659 0.270404 0.313548
2 0.690064 0.453013 0.443340 0.490823
2 0.523703 0.857371 0.328688 0.285257
2 0.200481 0.844249 0.340811 0.311503