2 0.621568 0.955701 0.110031 0.088598
2 0.275549 0.252146 0.148690 0.107707
2 0.117515 0.456182 0.125750 0.144811
2 0.039283 0.565524 0.078566 0.221762
2 0.139296 0.135060 0.177139 0.270121
2 0.833369 0.776077 0.220947 0.253949
2 0.158036 0.823308 0.316073 0.283270
2 0.547018 0.578010 0.429090 0.504540
2 0.544071 0.575804 0.436286 0.506256
2 0.265681 0.251938 0.168473 0.105709
2 0.119188 0.457737 0.119896 0.149130
2 0.038006 0.566055 0.076011 0.223206
2 0.630136 0.948842 0.157263 0.102315
2 0.137508 0.146411 0.180713 0.292821
2 0.817905 0.772020 0.260324 0.271909
2 0.894074 0.280614 0.211851 0.153531
2 0.158036 0.816783 0.316073 0.296320
2 0.548771 0.576431 0.424378 0.501381
2 0.544373 0.576756 0.435682 0.506954