9 0.050625 0.545556 0.101250 0.366667
9 0.184063 0.633334 0.071875 0.468889
9 0.291875 0.507222 0.092500 0.767778
9 0.343437 0.381667 0.008125 0.018889
9 0.370312 0.356667 0.008125 0.017778
9 0.380625 0.366667 0.010000 0.015555
9 0.437187 0.436111 0.116875 0.603334
9 0.528125 0.590000 0.055000 0.246666
9 0.536875 0.372222 0.012500 0.022222
9 0.563125 0.418889 0.011250 0.015556
9 0.568750 0.594445 0.007500 0.015555
9 0.575313 0.407778 0.008125 0.011111
9 0.577187 0.601111 0.009375 0.015556
9 0.576562 0.643333 0.005625 0.017778
9 0.580313 0.631111 0.008125 0.015556
9 0.619375 0.649445 0.042500 0.287777
9 0.805625 0.652222 0.203750 0.644444
9 0.938125 0.542778 0.122500 0.650000
9 0.977500 0.172778 0.017500 0.034444
9 0.982187 0.213889 0.016875 0.034444
9 0.992188 0.165000 0.014375 0.032222
9 0.994375 0.233889 0.010000 0.036666
9 0.996250 0.191111 0.006250 0.020000
