2 0.767794 0.592948 0.464412 0.674734
2 0.312276 0.623439 0.181512 0.147661
2 0.403284 0.818575 0.203897 0.180824
2 0.073837 0.777439 0.147674 0.234362
2 0.394460 0.116761 0.203448 0.148900
2 0.085440 0.253305 0.110948 0.153846
2 0.154096 0.211742 0.110866 0.152170
2 0.767794 0.591906 0.464412 0.676819
2 0.073837 0.777371 0.147674 0.234499
2 0.313318 0.623439 0.179427 0.147661
2 0.403284 0.816559 0.203897 0.177063
2 0.393496 0.113638 0.196342 0.155242
2 0.085167 0.251288 0.111493 0.150085
2 0.154164 0.210699 0.111003 0.150085
2 0.975799 0.173018 0.048402 0.197424