8 0.33322115384615386 0.04173076923076923 0.08305288461538461 0.06377403846153847
8 0.4486298076923077 0.08721153846153847 0.08391826923076923 0.08240384615384616
8 0.5307451923076922 0.06894230769230769 0.09485576923076923 0.07875
8 0.6754567307692307 0.21617788461538462 0.05355769230769231 0.06002403846153846
8 0.8324038461538461 0.29201923076923075 0.0717548076923077 0.05622596153846154
8 0.8686298076923078 0.08802884615384615 0.07413461538461538 0.06435096153846154
8 0.8364182692307692 0.12278846153846154 0.07103365384615384 0.05504807692307692
8 0.4601442307692307 0.373125 0.08802884615384615 0.06264423076923077
8 0.6856490384615385 0.29221153846153847 0.07617788461538462 0.07439903846153846
8 0.6318028846153846 0.5277163461538461 0.11420673076923077 0.09112980769230769
8 0.7815384615384615 0.5479567307692308 0.07293269230769231 0.07372596153846155
8 0.5495913461538462 0.6424759615384615 0.09764423076923076 0.08492788461538461
8 0.6966346153846155 0.7750240384615386 0.08742788461538462 0.07355769230769231
8 0.5555769230769231 0.7693990384615385 0.10533653846153847 0.09016826923076923
8 0.2793028846153846 0.7300961538461539 0.08206730769230769 0.07584134615384616
8 0.19637019230769232 0.6648076923076923 0.09620192307692309 0.07600961538461538
8 0.24466346153846155 0.5953125 0.08350961538461539 0.07204326923076923
8 0.74875 0.5392067307692308 0.0775 0.06355769230769232
8 0.8323798076923077 0.8444951923076923 0.07247596153846153 0.06182692307692307
8 0.7502884615384615 0.8746875000000001 0.06372596153846154 0.05663461538461538
8 0.4080048076923077 0.8661778846153846 0.06257211538461539 0.056490384615384616
8 0.13983173076923078 0.9195432692307691 0.0805048076923077 0.08084134615384617
8 0.1653125 0.37456730769230767 0.09084134615384615 0.07038461538461539
8 0.2896153846153846 0.10807692307692308 0.048149038461538465 0.05935096153846154
8 0.2389423076923077 0.21639423076923076 0.05310096153846154 0.046322115384615385
8 0.20822115384615386 0.41394230769230766 0.05569711538461539 0.03954326923076923
8 0.14372596153846154 0.5068750000000001 0.04569711538461539 0.04360576923076923
8 0.20423076923076922 0.5210817307692308 0.05451923076923077 0.042908653846153846