14 0.158437 0.113129 0.081875 0.107077
14 0.151562 0.533985 0.026875 0.043762
14 0.162188 0.572160 0.018125 0.051210
14 0.196563 0.370112 0.054375 0.105214
14 0.319062 0.708100 0.019375 0.040037
14 0.339688 0.457635 0.024375 0.036312
14 0.385000 0.297952 0.053750 0.076350
14 0.386250 0.394786 0.048750 0.074488
14 0.395937 0.366387 0.026875 0.043761
14 0.449688 0.364990 0.031875 0.068901
14 0.491563 0.804004 0.025625 0.045624
14 0.508750 0.261174 0.055000 0.058659
14 0.507500 0.376630 0.035000 0.053073
14 0.529687 0.402235 0.033125 0.055866
14 0.557813 0.364060 0.023125 0.024209
14 0.563438 0.403631 0.025625 0.045624
14 0.586250 0.258380 0.015000 0.034450
14 0.601562 0.355680 0.030625 0.050279
14 0.635000 0.338454 0.031250 0.053073
14 0.661875 0.342178 0.017500 0.041899
14 0.682500 0.349627 0.012500 0.038175
14 0.691563 0.324488 0.020625 0.036313
14 0.702187 0.253259 0.014375 0.020484
14 0.708125 0.320298 0.012500 0.027933
14 0.710625 0.286778 0.017500 0.026071
14 0.715625 0.266760 0.020000 0.025140
14 0.735313 0.282123 0.021875 0.031658
14 0.765625 0.264898 0.020000 0.025139
14 0.799063 0.195996 0.015625 0.040037
14 0.804063 0.247673 0.010625 0.031657
14 0.816250 0.221136 0.013750 0.036312
14 0.831563 0.731378 0.024375 0.053072
14 0.848437 0.592645 0.024375 0.034451
14 0.861563 0.618715 0.018125 0.034450
14 0.893125 0.347765 0.013750 0.027002
