2 0.541016 0.608887 0.394531 0.436523
2 0.130859 0.375488 0.261719 0.489258
2 0.163086 0.753418 0.326172 0.323242
2 0.597656 0.879883 0.414062 0.240234
2 0.923828 0.829590 0.152344 0.252930
2 0.557617 0.208496 0.568359 0.416992
2 0.914062 0.198730 0.171875 0.397461
2 0.111328 0.942383 0.222656 0.115234
2 0.119141 0.942383 0.238281 0.115234
2 0.593750 0.881836 0.417969 0.236328
2 0.165039 0.754395 0.330078 0.325195
2 0.130859 0.375488 0.261719 0.489258
2 0.557617 0.208496 0.568359 0.416992
2 0.914062 0.198730 0.171875 0.397461
2 0.541016 0.607910 0.394531 0.434570
2 0.923828 0.828613 0.152344 0.254883