2 0.504848 0.598811 0.430429 0.461995
2 0.817133 0.277727 0.353397 0.511800
2 0.872245 0.652595 0.255511 0.369117
2 0.512080 0.905408 0.408042 0.189183
2 0.157717 0.902435 0.169643 0.195131
2 0.352954 0.231647 0.578015 0.463294
2 0.049444 0.332600 0.098889 0.379354
2 0.942391 0.849172 0.115217 0.120109
2 0.935924 0.847413 0.128152 0.123627
2 0.519898 0.907548 0.419903 0.184905
2 0.872682 0.651838 0.254635 0.370631
2 0.819965 0.277727 0.360071 0.511800
2 0.353206 0.231647 0.577509 0.463294
2 0.049444 0.332336 0.098889 0.379881
2 0.504781 0.599686 0.429283 0.463747
2 0.157717 0.901997 0.169643 0.196006