12 0.234375 0.410807 0.095704 0.154948
12 0.268066 0.548828 0.139649 0.178386
12 0.280761 0.255209 0.079101 0.148437
12 0.310058 0.412110 0.071289 0.199219
12 0.331055 0.233724 0.083985 0.178386
12 0.373047 0.665365 0.142578 0.177083
12 0.412598 0.534505 0.149414 0.180990
12 0.420899 0.154948 0.162109 0.231771
12 0.430175 0.352865 0.161133 0.174479
12 0.519531 0.634765 0.146484 0.199219
12 0.542969 0.212891 0.142578 0.201823
12 0.551270 0.396485 0.145507 0.178385
12 0.634277 0.523438 0.153321 0.177083
12 0.629394 0.254557 0.094727 0.188802
12 0.676758 0.399740 0.121094 0.153645
