12 0.127188 0.651970 0.058125 0.080676
12 0.149688 0.525798 0.069375 0.102251
12 0.156875 0.397280 0.052500 0.098499
12 0.168125 0.601314 0.040000 0.071295
12 0.187188 0.691370 0.070625 0.075047
12 0.195000 0.363509 0.052500 0.068481
12 0.198750 0.470919 0.060000 0.073171
12 0.221875 0.563790 0.060000 0.076923
12 0.241250 0.439494 0.060000 0.090995
12 0.252812 0.636491 0.075625 0.092871
12 0.253125 0.704034 0.046250 0.023452
12 0.277813 0.495309 0.066875 0.097561
12 0.285313 0.370075 0.066875 0.102252
12 0.294375 0.573171 0.061250 0.103189
12 0.304688 0.681051 0.059375 0.091933
12 0.333437 0.704972 0.053125 0.025328
12 0.332813 0.541276 0.038125 0.086304
12 0.343750 0.390713 0.057500 0.107880
12 0.350625 0.485929 0.048750 0.090056
12 0.369063 0.661351 0.073125 0.084428
12 0.386563 0.573171 0.076875 0.091932
12 0.401250 0.705910 0.057500 0.034710
12 0.403750 0.477955 0.050000 0.098500
12 0.417812 0.380863 0.070625 0.103190
12 0.432812 0.652439 0.069375 0.115384
12 0.458437 0.545966 0.059375 0.084428
12 0.453125 0.319418 0.046250 0.092871
12 0.460313 0.461538 0.036875 0.058161
12 0.504063 0.484053 0.073125 0.086304
12 0.499375 0.399156 0.061250 0.113508
12 0.508437 0.605066 0.066875 0.097561
12 0.510938 0.688555 0.069375 0.080675
12 0.521875 0.529081 0.055000 0.061913
12 0.620313 0.620075 0.034375 0.075046
12 0.627500 0.530018 0.048750 0.097561
12 0.631563 0.714353 0.033125 0.109756
12 0.645625 0.343340 0.061250 0.108818
12 0.648750 0.450750 0.062500 0.113509
12 0.679375 0.598030 0.060000 0.089118
12 0.681875 0.705910 0.065000 0.115384
12 0.702500 0.513602 0.062500 0.104128
12 0.718750 0.408068 0.053750 0.073171
12 0.746562 0.711538 0.071875 0.092871
12 0.740938 0.468574 0.046875 0.102252
12 0.755000 0.369606 0.050000 0.069418
12 0.788750 0.524390 0.061250 0.103190
12 0.786875 0.424015 0.040000 0.086304
12 0.789062 0.709663 0.028125 0.092871
12 0.800000 0.592402 0.042500 0.060975
12 0.817812 0.655722 0.036875 0.084428
12 0.830625 0.335835 0.057500 0.093808
12 0.828750 0.462477 0.046250 0.090057
12 0.848437 0.705441 0.063125 0.080676
12 0.852500 0.542214 0.045000 0.069418
12 0.872188 0.621013 0.045625 0.065666
12 0.888125 0.378049 0.050000 0.063790
12 0.902812 0.453096 0.069375 0.086304
12 0.917188 0.528143 0.069375 0.086304
12 0.908750 0.709662 0.042500 0.068480
12 0.923438 0.602720 0.064375 0.109756
12 0.960938 0.737336 0.076875 0.086304
12 0.957187 0.524390 0.026875 0.075047
12 0.972188 0.669325 0.054375 0.045967
12 0.967813 0.611633 0.031875 0.058161
