4 0.273926 0.806735 0.204102 0.190336
4 0.291504 0.581991 0.202148 0.133236
4 0.320800 0.719620 0.061523 0.060029
4 0.332519 0.494144 0.081055 0.074671
4 0.366699 0.360176 0.094726 0.108345
4 0.430664 0.743046 0.160156 0.147877
4 0.422363 0.919473 0.114258 0.049780
4 0.400878 0.576134 0.022461 0.121523
4 0.421387 0.576134 0.038086 0.124451
4 0.429688 0.364569 0.041015 0.102489
4 0.524414 0.363836 0.148438 0.101024
4 0.495117 0.568814 0.078125 0.106882
4 0.552735 0.751098 0.144531 0.143484
4 0.552735 0.267204 0.113281 0.083455
4 0.584473 0.566618 0.090821 0.087848
4 0.585938 0.513909 0.072265 0.049780
4 0.653320 0.734993 0.072265 0.114202
4 0.720215 0.379209 0.079102 0.079063
4 0.728027 0.300878 0.071289 0.077599
4 0.719238 0.539531 0.047852 0.068814
4 0.764648 0.378477 0.015625 0.057101
