9 0.161250 0.811372 0.025000 0.027076
9 0.213750 0.422382 0.120000 0.173285
9 0.164375 0.784296 0.016250 0.012636
9 0.171250 0.847473 0.017500 0.034296
9 0.315000 0.644405 0.305000 0.310469
9 0.217500 0.777076 0.022500 0.027076
9 0.300000 0.381769 0.137500 0.160650
9 0.488750 0.872744 0.075000 0.135379
9 0.483125 0.773466 0.018750 0.023466
9 0.508125 0.787906 0.021250 0.023466
9 0.521875 0.762636 0.013750 0.023465
9 0.566250 0.786102 0.092500 0.070397
9 0.733750 0.632672 0.097500 0.074007
9 0.836875 0.764441 0.226250 0.175091
9 0.862500 0.373647 0.157500 0.104693
