4 0.012812 0.152153 0.025625 0.045881
4 0.161250 0.737359 0.322500 0.191947
4 0.163125 0.740169 0.326250 0.193821
4 0.025625 0.320693 0.048750 0.038390
4 0.040313 0.172753 0.019375 0.030899
4 0.055938 0.325375 0.020625 0.036517
4 0.063750 0.182116 0.015000 0.034644
4 0.143125 0.338015 0.041250 0.046816
4 0.497500 0.076779 0.626250 0.153558
4 0.498750 0.075842 0.628750 0.151685
4 0.500625 0.257022 0.625000 0.195693
4 0.502500 0.260300 0.623750 0.198502
4 0.502812 0.438202 0.603125 0.153558
4 0.303437 0.580056 0.150625 0.188202
4 0.305000 0.584738 0.153750 0.186330
4 0.508437 0.729400 0.381875 0.138577
4 0.509062 0.736423 0.383125 0.132022
4 0.537813 0.612359 0.228125 0.127341
4 0.540312 0.609550 0.230625 0.132959
4 0.531563 0.493445 0.120625 0.127341
4 0.534062 0.495318 0.120625 0.123595
4 0.789062 0.708801 0.181875 0.157303
4 0.789062 0.712547 0.181875 0.142322
4 0.914687 0.073034 0.169375 0.050562
4 0.868437 0.299625 0.061875 0.061797
4 0.869063 0.302434 0.063125 0.059925
4 0.894063 0.080992 0.056875 0.038389
4 0.934688 0.610019 0.129375 0.113296
4 0.935312 0.603464 0.128125 0.113296
4 0.937813 0.499531 0.123125 0.111423
4 0.939063 0.499532 0.120625 0.107678
4 0.939688 0.722846 0.119375 0.125469
4 0.940938 0.720037 0.116875 0.134831
4 0.932813 0.288858 0.076875 0.055243
4 0.931875 0.295880 0.072500 0.054307
4 0.969063 0.069289 0.060625 0.046817
4 0.981250 0.288858 0.036250 0.055243
4 0.987813 0.295880 0.023125 0.061798
