15 0.019062 0.081232 0.038125 0.074697
15 0.055625 0.212885 0.111250 0.220355
15 0.057500 0.824463 0.115000 0.252101
15 0.036250 0.616246 0.067500 0.149393
15 0.500938 0.498599 0.996875 0.997199
15 0.114375 0.324930 0.170000 0.306256
15 0.128438 0.583100 0.141875 0.198880
15 0.166875 0.808123 0.198750 0.338936
15 0.175937 0.136788 0.170625 0.273576
15 0.216250 0.478992 0.107500 0.132587
15 0.256250 0.663865 0.151250 0.222223
15 0.296250 0.339402 0.198750 0.269841
15 0.328437 0.107843 0.175625 0.215686
15 0.342500 0.863679 0.147500 0.239029
15 0.373750 0.685807 0.092500 0.193277
15 0.442500 0.194211 0.167500 0.235294
15 0.454688 0.594771 0.148125 0.222222
15 0.497188 0.786648 0.176875 0.256770
15 0.513750 0.402428 0.143750 0.239029
15 0.518750 0.934641 0.063750 0.089635
15 0.605625 0.597105 0.161250 0.256769
15 0.626250 0.246966 0.161250 0.195145
15 0.655625 0.860878 0.156250 0.229692
15 0.760938 0.651728 0.190625 0.265173
15 0.789062 0.470121 0.194375 0.191410
15 0.830625 0.859944 0.186250 0.212886
15 0.841562 0.075631 0.140625 0.151261
15 0.881875 0.659197 0.101250 0.227824
15 0.926875 0.788982 0.145000 0.311858
