10 0.225000 0.444289 0.092500 0.103933
10 0.274062 0.414794 0.028125 0.063670
10 0.400625 0.587547 0.087500 0.120786
10 0.435937 0.658708 0.058125 0.044008
10 0.471250 0.603464 0.061250 0.130149
10 0.501250 0.544944 0.057500 0.063670
10 0.503750 0.660112 0.050000 0.074907
10 0.551250 0.397472 0.081250 0.109550
10 0.525625 0.714888 0.021250 0.057116
10 0.570000 0.541667 0.056250 0.109551
10 0.662813 0.556648 0.080625 0.120786
10 0.664062 0.709270 0.036875 0.045880
10 0.726250 0.804307 0.035000 0.086142
10 0.940625 0.786049 0.040000 0.068352
10 0.971562 0.830056 0.031875 0.057116
