9 0.109688 0.231708 0.040625 0.071295
9 0.310937 0.573640 0.059375 0.132270
9 0.342500 0.184334 0.037500 0.047842
9 0.489687 0.318012 0.100625 0.166979
9 0.536562 0.581613 0.135625 0.202627
9 0.505938 0.580206 0.068125 0.192307
9 0.573750 0.581144 0.042500 0.201689
9 0.583437 0.457317 0.011875 0.021576
9 0.633125 0.433396 0.052500 0.136960
9 0.660000 0.612571 0.047500 0.140713
9 0.727500 0.544090 0.042500 0.071294
9 0.725000 0.515479 0.010000 0.017823
9 0.730312 0.538462 0.013125 0.020638
9 0.742500 0.523921 0.013750 0.019700
9 0.798750 0.323640 0.057500 0.133208
9 0.791563 0.352251 0.041875 0.066604
9 0.851562 0.149625 0.009375 0.021576
9 0.861250 0.156191 0.010000 0.019700
9 0.868750 0.149624 0.010000 0.014071
