10 0.014844 0.903646 0.029687 0.030208
10 0.059766 0.667188 0.027343 0.036459
10 0.100000 0.554688 0.039062 0.040625
10 0.154687 0.705729 0.031250 0.030208
10 0.157422 0.352083 0.035156 0.072917
10 0.194140 0.338541 0.039843 0.077083
10 0.200000 0.262500 0.050000 0.052084
10 0.215234 0.767709 0.019531 0.041667
10 0.252343 0.773438 0.039063 0.032291
10 0.283985 0.542188 0.055469 0.088541
10 0.367969 0.586458 0.059375 0.093750
10 0.389454 0.161459 0.038281 0.066667
10 0.406640 0.219271 0.035157 0.057292
10 0.449610 0.254688 0.050781 0.046875
10 0.465234 0.530729 0.058594 0.057292
10 0.491016 0.977604 0.053906 0.042708
10 0.510938 0.494271 0.046875 0.057292
10 0.549610 0.669270 0.063281 0.053125
10 0.556250 0.541146 0.062500 0.065625
10 0.584375 0.346875 0.031250 0.031250
10 0.596485 0.888542 0.055469 0.072917
10 0.664844 0.969792 0.051562 0.058333
10 0.652734 0.401041 0.019531 0.058333
10 0.710156 0.645312 0.039063 0.078125
10 0.711328 0.804167 0.027344 0.031250
10 0.721485 0.434896 0.024219 0.061458
10 0.737110 0.679688 0.046093 0.051041
10 0.749219 0.614583 0.031250 0.037500
10 0.768360 0.641146 0.032031 0.046875
10 0.938672 0.865104 0.058594 0.046875
10 0.934376 0.916667 0.028125 0.037500
10 0.967188 0.818229 0.031250 0.036458
10 0.985157 0.797396 0.020313 0.057292
10 0.987110 0.877604 0.024219 0.032292
