5 0.348633 0.447607 0.189453 0.345918
5 0.475586 0.723125 0.224609 0.396328
5 0.749023 0.796133 0.244141 0.403281
5 0.649414 0.477158 0.189453 0.363301
5 0.572266 0.278994 0.210937 0.252051
5 0.209961 0.615352 0.185547 0.264219
5 0.298828 0.861318 0.191406 0.269434
5 0.166992 0.134717 0.197266 0.269434
5 0.763672 0.178174 0.156250 0.300723
5 0.892578 0.178174 0.105469 0.224238
5 0.877930 0.532783 0.162109 0.245098
5 0.226562 0.363301 0.152344 0.246836
5 0.341797 0.187734 0.152344 0.201641
5 0.477539 0.111250 0.173828 0.222500