12 0.525625 0.610000 0.090000 0.111666
12 0.020313 0.970000 0.028125 0.055000
12 0.030000 0.918334 0.045000 0.058333
12 0.076250 0.970000 0.037500 0.045000
12 0.077187 0.784167 0.023125 0.045000
12 0.087500 0.749167 0.038750 0.046667
12 0.089375 0.905000 0.042500 0.051666
12 0.128750 0.937500 0.043750 0.071666
12 0.135000 0.742916 0.038750 0.044167
12 0.130625 0.980417 0.022500 0.037500
12 0.143125 0.696667 0.038750 0.058333
12 0.179062 0.961667 0.033125 0.061667
12 0.183125 0.913334 0.036250 0.048333
12 0.183125 0.794584 0.033750 0.044167
12 0.182812 0.753333 0.025625 0.038333
12 0.213750 0.976250 0.033750 0.045834
12 0.217812 0.936667 0.028125 0.073333
12 0.224375 0.775000 0.038750 0.046666
12 0.237187 0.981250 0.028125 0.035834
12 0.250625 0.827500 0.047500 0.061666
12 0.260313 0.903333 0.051875 0.055000
12 0.285625 0.989167 0.040000 0.020000
12 0.287188 0.825833 0.019375 0.055000
12 0.299375 0.946250 0.033750 0.062500
12 0.305000 0.509583 0.040000 0.035833
12 0.304375 0.465000 0.031250 0.046666
12 0.305625 0.538750 0.023750 0.032500
12 0.309688 0.413333 0.023125 0.056667
12 0.338125 0.905833 0.043750 0.063333
12 0.355625 0.430417 0.040000 0.022500
12 0.350938 0.454584 0.023125 0.035833
12 0.395313 0.907084 0.026875 0.025833
12 0.398750 0.972500 0.031250 0.050000
12 0.442500 0.914583 0.033750 0.077500
12 0.448750 0.977917 0.038750 0.042500
12 0.526563 0.946250 0.079375 0.105834
