14 0.204248 0.256536 0.101307 0.156862
14 0.274510 0.433824 0.111111 0.086601
14 0.345588 0.098039 0.129085 0.130719
14 0.383170 0.290032 0.138888 0.145425
14 0.478758 0.821896 0.192810 0.150327
14 0.515523 0.902778 0.243464 0.145425
14 0.438725 0.395425 0.070261 0.114379
14 0.480392 0.217320 0.137255 0.114379
14 0.477942 0.074347 0.106209 0.086601
14 0.592320 0.377451 0.174837 0.120916
14 0.573530 0.156862 0.114379 0.078431
14 0.621732 0.102124 0.138888 0.109477
14 0.672385 0.803922 0.151961 0.169935
14 0.705883 0.262255 0.150327 0.135621
14 0.720589 0.113562 0.081699 0.096406
14 0.787582 0.424836 0.143791 0.127451
14 0.763072 0.125000 0.071896 0.066994
14 0.836602 0.302287 0.101307 0.078431
