9 0.265136 0.816406 0.530273 0.057292
9 0.074219 0.771484 0.039062 0.063802
9 0.112793 0.761068 0.026368 0.055989
9 0.127930 0.807292 0.025391 0.041667
9 0.180664 0.761068 0.058594 0.074219
9 0.264649 0.702474 0.056641 0.092448
9 0.302735 0.754557 0.019531 0.040365
9 0.333985 0.777995 0.015625 0.022135
9 0.344239 0.740885 0.026367 0.033854
9 0.390137 0.704427 0.059570 0.083334
9 0.401855 0.774740 0.030273 0.036459
9 0.438476 0.782552 0.025391 0.039062
9 0.479492 0.772786 0.019531 0.029948
9 0.494629 0.801432 0.020508 0.037760
9 0.761719 0.788411 0.414062 0.058593
9 0.671875 0.760417 0.031250 0.057291
9 0.711426 0.767578 0.018555 0.042968
9 0.742676 0.768229 0.014648 0.023438
9 0.756836 0.729818 0.041016 0.053385
9 0.799316 0.753255 0.020508 0.042969
9 0.864747 0.761719 0.022461 0.031250
9 0.982910 0.768229 0.032226 0.023438
