8 0.30254807692307695 0.669014423076923 0.10901442307692308 0.11875
8 0.15072115384615387 0.6967307692307692 0.10124999999999999 0.07906250000000001
8 0.5445673076923077 0.7148798076923076 0.13584134615384616 0.125
8 0.3848317307692308 0.7396874999999999 0.13646634615384617 0.13021634615384617
8 0.6321875 0.7636298076923077 0.11588942307692308 0.12689903846153847
8 0.6921634615384615 0.9050961538461538 0.10096153846153846 0.12740384615384615
8 0.9134855769230769 0.15891826923076924 0.10841346153846154 0.11461538461538462
8 0.3465865384615385 0.2130528846153846 0.08978365384615385 0.09805288461538461
8 0.7954326923076922 0.26776442307692305 0.11403846153846153 0.11189903846153845
8 0.38959134615384616 0.04132211538461539 0.11615384615384615 0.08264423076923078
8 0.2734615384615385 0.41567307692307687 0.05899038461538461 0.07007211538461539
8 0.9402163461538462 0.41338942307692306 0.10019230769230769 0.08689903846153846
8 0.3464423076923077 0.42403846153846153 0.0844951923076923 0.0829326923076923
8 0.32468749999999996 0.24841346153846156 0.08762019230769232 0.08387019230769231
8 0.979423076923077 0.1075 0.041177884615384616 0.0803125
8 0.45697115384615383 0.8128124999999999 0.11591346153846153 0.11290865384615384
8 0.2586538461538461 0.5292307692307692 0.08834134615384616 0.09995192307692308
8 0.22759615384615386 0.8923317307692307 0.0863701923076923 0.06040865384615384