7 0.652344 0.706543 0.109375 0.075196
7 0.047526 0.158691 0.024740 0.010742
7 0.120443 0.661132 0.113281 0.060547
7 0.108072 0.271972 0.015625 0.022461
7 0.111979 0.177246 0.020834 0.026368
7 0.214844 0.217773 0.080729 0.062500
7 0.367188 0.317383 0.080729 0.050781
7 0.401041 0.218750 0.015625 0.011718
7 0.404948 0.525878 0.020834 0.022461
7 0.411459 0.496093 0.013021 0.011719
7 0.425130 0.423828 0.027344 0.031250
7 0.421875 0.482910 0.015626 0.010742
7 0.473308 0.478515 0.014323 0.015625
7 0.547526 0.501465 0.066406 0.051758
7 0.526042 0.563477 0.020833 0.015625
7 0.564453 0.855469 0.027344 0.029297
7 0.590494 0.507812 0.016927 0.011719
7 0.615886 0.553223 0.020833 0.022461
7 0.658203 0.937988 0.102864 0.065430
7 0.614583 0.579101 0.013021 0.019531
7 0.664062 0.173828 0.096355 0.064453
7 0.629557 0.568848 0.019531 0.018555
7 0.667318 0.866211 0.071615 0.042968
7 0.665365 0.557617 0.010417 0.017578
7 0.682943 0.625977 0.011719 0.015625
7 0.697265 0.808106 0.024739 0.034179
7 0.697266 0.537598 0.014323 0.012695
7 0.725260 0.593750 0.013021 0.009766
7 0.733073 0.541992 0.015625 0.023438
7 0.735677 0.739258 0.015625 0.009766
7 0.761719 0.777344 0.039062 0.027344
7 0.818360 0.982422 0.115885 0.033203
7 0.781901 0.630859 0.024740 0.033203
7 0.831380 0.475098 0.061198 0.055664
7 0.820964 0.763184 0.014323 0.028321
7 0.975911 0.830566 0.045573 0.055664
