4 0.048047 0.353646 0.096094 0.138542
4 0.067188 0.277083 0.101563 0.068750
4 0.119921 0.508854 0.094531 0.119792
4 0.190234 0.302083 0.110156 0.081250
4 0.226172 0.605208 0.135156 0.093750
4 0.252734 0.131250 0.133594 0.068750
4 0.382812 0.789583 0.368750 0.291667
4 0.275000 0.260937 0.110938 0.088541
4 0.360156 0.416146 0.221875 0.153125
4 0.332813 0.185938 0.067187 0.098959
4 0.419922 0.209375 0.114844 0.097916
4 0.461719 0.373438 0.104688 0.119791
4 0.517969 0.198958 0.093750 0.072917
4 0.525000 0.430208 0.100000 0.125000
4 0.649610 0.260937 0.160157 0.088541
4 0.644531 0.544792 0.131250 0.156250
4 0.724219 0.800520 0.228125 0.228125
4 0.699218 0.386979 0.110937 0.088542
4 0.794922 0.325520 0.122656 0.128125
4 0.855468 0.544270 0.178125 0.090625
4 0.881641 0.701562 0.147656 0.186459
4 0.901953 0.459375 0.096094 0.104166
