6 0.012500 0.505000 0.025000 0.046666
6 0.033750 0.700417 0.067500 0.072500
6 0.075313 0.937083 0.150625 0.057500
6 0.027813 0.983334 0.025625 0.031667
6 0.196875 0.291250 0.331250 0.184166
6 0.062500 0.572083 0.046250 0.025833
6 0.067813 0.609584 0.030625 0.025833
6 0.104688 0.782917 0.026875 0.024167
6 0.158750 0.486250 0.047500 0.024166
6 0.147812 0.600000 0.020625 0.035000
6 0.304688 0.373750 0.288125 0.139166
6 0.193437 0.598750 0.024375 0.029166
6 0.217500 0.869167 0.036250 0.031667
6 0.216875 0.689167 0.027500 0.040000
6 0.227813 0.734583 0.020625 0.027500
6 0.234375 0.597084 0.033750 0.025833
6 0.293750 0.772917 0.036250 0.024167
6 0.400938 0.417917 0.238125 0.140833
6 0.320312 0.932083 0.058125 0.032500
6 0.329375 0.581250 0.027500 0.024166
6 0.447500 0.227916 0.258750 0.129167
6 0.347500 0.741667 0.037500 0.023333
6 0.355625 0.877084 0.033750 0.025833
6 0.397813 0.123750 0.109375 0.085834
6 0.431562 0.219584 0.174375 0.139167
6 0.357188 0.632500 0.023125 0.038334
6 0.385000 0.849583 0.032500 0.019167
6 0.439063 0.935833 0.133125 0.126667
6 0.397813 0.746250 0.045625 0.025834
6 0.396563 0.642084 0.029375 0.015833
6 0.472813 0.305000 0.179375 0.151666
6 0.430625 0.833750 0.028750 0.015834
6 0.498437 0.449583 0.164375 0.177500
6 0.446875 0.935416 0.032500 0.039167
6 0.457188 0.801250 0.034375 0.022500
6 0.513437 0.075833 0.136875 0.151667
6 0.470937 0.980417 0.023125 0.025833
6 0.497188 0.715834 0.021875 0.023333
6 0.605625 0.460000 0.112500 0.140000
6 0.724375 0.238750 0.078750 0.140834
6 0.721875 0.471250 0.052500 0.120834
6 0.792812 0.063750 0.026875 0.044166
