12 0.080312 0.419719 0.160625 0.300469
12 0.105937 0.770892 0.211875 0.441314
12 0.119063 0.161503 0.236875 0.323005
12 0.236250 0.923944 0.251250 0.150235
12 0.213125 0.669953 0.195000 0.342723
12 0.295937 0.405165 0.246875 0.402817
12 0.291875 0.050704 0.155000 0.101408
12 0.420625 0.792957 0.302500 0.353991
12 0.464375 0.952582 0.205000 0.092958
12 0.498437 0.064789 0.225625 0.120188
12 0.531563 0.556808 0.226875 0.294835
12 0.561562 0.238498 0.286875 0.369953
12 0.664062 0.787794 0.225625 0.291079
12 0.702500 0.933334 0.251250 0.131455
12 0.747500 0.076056 0.266250 0.152113
12 0.807813 0.585916 0.250625 0.390611
12 0.880000 0.196244 0.238750 0.392488
12 0.905625 0.834272 0.187500 0.329577
12 0.946562 0.499530 0.105625 0.398123
