12 0.019062 0.015000 0.038125 0.030000
12 0.110312 0.154063 0.076875 0.063125
12 0.122500 0.797188 0.066250 0.058125
12 0.158438 0.857187 0.086875 0.091875
12 0.198437 0.528125 0.034375 0.028750
12 0.213750 0.881875 0.065000 0.060000
12 0.222500 0.575000 0.041250 0.051250
12 0.260937 0.539375 0.076875 0.071250
12 0.396563 0.082187 0.071875 0.063125
12 0.449688 0.592187 0.058125 0.058125
12 0.660625 0.839375 0.056250 0.056250
12 0.859688 0.018437 0.044375 0.036875
12 0.889375 0.412813 0.056250 0.054375
12 0.925625 0.489687 0.056250 0.054375
12 0.941563 0.385937 0.064375 0.068125
