13 0.083125 0.034902 0.140000 0.069804
13 0.284062 0.711373 0.421875 0.426667
13 0.233750 0.258823 0.252500 0.230589
13 0.245312 0.040785 0.138125 0.081569
13 0.385625 0.036471 0.085000 0.072941
13 0.423438 0.179216 0.160625 0.116863
13 0.520000 0.041569 0.112500 0.083137
13 0.649375 0.035687 0.100000 0.071373
13 0.706875 0.245490 0.190000 0.180392
13 0.778750 0.414118 0.301250 0.272941
13 0.779375 0.109412 0.143750 0.134118
13 0.813750 0.027059 0.118750 0.054118
13 0.956875 0.045883 0.082500 0.091765
