11 0.033125 0.325658 0.066250 0.177632
11 0.049375 0.667763 0.098750 0.249060
11 0.127500 0.817669 0.255000 0.362782
11 0.140937 0.479793 0.281875 0.335526
11 0.150313 0.192669 0.168125 0.300752
11 0.172812 0.649906 0.135625 0.196428
11 0.256250 0.107143 0.110000 0.214286
11 0.351562 0.723684 0.280625 0.417293
11 0.351250 0.328478 0.206250 0.344925
11 0.380312 0.135808 0.223125 0.271617
11 0.549063 0.499530 0.231875 0.339286
11 0.602812 0.833647 0.280625 0.240601
11 0.591562 0.180451 0.240625 0.298872
11 0.625625 0.398966 0.135000 0.215226
11 0.771562 0.609023 0.221875 0.366541
11 0.776250 0.410714 0.190000 0.165413
11 0.785313 0.308271 0.140625 0.154135
11 0.900625 0.226504 0.197500 0.236842
11 0.888750 0.401786 0.107500 0.190789
