1 0.19765625 0.25703125 0.28046875 0.46484375
1 0.478125 0.259375 0.18984375 0.396875
1 0.80546875 0.4453125 0.26640625 0.12578125
1 0.48046875 0.5 0.921875 0.98515625
1 0.30234375 0.5015625 0.540625 0.9828125
1 0.6546875 0.515625 0.55546875 0.95390625
1 0.15078125 0.52265625 0.24921875 0.1359375
1 0.47265625 0.69453125 0.19453125 0.51328125
1 0.7671875 0.73515625 0.28828125 0.49609375
1 0.5921875 0.775 0.0703125 0.45
1 0.1875 0.78125 0.25078125 0.43359375
1 0.3390625 0.83359375 0.08125 0.3328125
1 0.75390625 0.221875 0.27421875 0.35625
1 0.359375 0.2265625 0.06875 0.453125
