7 0.189843 0.678125 0.076563 0.127084
7 0.044531 0.532292 0.089062 0.093750
7 0.045312 0.603125 0.090625 0.081250
7 0.059375 0.884375 0.118750 0.081250
7 0.100781 0.762500 0.107812 0.083334
7 0.217188 0.435416 0.074999 0.095833
7 0.252343 0.686458 0.051563 0.077083
7 0.260937 0.743750 0.053125 0.079166
7 0.282031 0.845833 0.017187 0.087500
7 0.317188 0.429167 0.053125 0.087500
7 0.352344 0.841667 0.060937 0.104167
7 0.342187 0.638541 0.034375 0.060417
7 0.367188 0.105208 0.071875 0.118750
7 0.392968 0.133333 0.104687 0.079167
7 0.367188 0.477083 0.043749 0.079167
7 0.374219 0.402083 0.048438 0.070833
7 0.403124 0.723958 0.046875 0.081250
7 0.402344 0.816666 0.035937 0.045833
7 0.410156 0.570833 0.045313 0.087500
7 0.432812 0.179167 0.053125 0.054167
7 0.460938 0.710417 0.065625 0.066667
7 0.460938 0.651042 0.040625 0.097917
7 0.489063 0.201042 0.065625 0.060417
7 0.493750 0.763541 0.031250 0.047917
7 0.507812 0.320833 0.037501 0.075000
