6 0.113437 0.158397 0.079375 0.093512
6 0.117188 0.276718 0.064375 0.061069
6 0.128125 0.091603 0.062500 0.066794
6 0.223750 0.395515 0.097500 0.056298
6 0.212188 0.290553 0.071875 0.054389
6 0.260937 0.183206 0.118125 0.101145
6 0.223750 0.541508 0.017500 0.035305
6 0.267812 0.759065 0.065625 0.039122
6 0.290937 0.287690 0.063125 0.063931
6 0.377188 0.169848 0.081875 0.062977
6 0.374063 0.404580 0.073125 0.059160
6 0.411875 0.282443 0.097500 0.057252
6 0.440000 0.126909 0.097500 0.070611
6 0.469062 0.172233 0.016875 0.027672
6 0.525625 0.228053 0.108750 0.080153
6 0.535625 0.412691 0.091250 0.069656
6 0.558125 0.893607 0.066250 0.046756
6 0.600625 0.192271 0.105000 0.086832
6 0.604063 0.445134 0.066875 0.056297
6 0.631250 0.592558 0.110000 0.089695
6 0.685000 0.246660 0.085000 0.046756
6 0.706875 0.114981 0.056250 0.088740
6 0.735938 0.360687 0.081875 0.085878
6 0.754063 0.036260 0.074375 0.072519
6 0.829688 0.199905 0.074375 0.132633
6 0.861875 0.063932 0.038750 0.099237
6 0.873750 0.215649 0.052500 0.085878
6 0.947188 0.128817 0.104375 0.103054
6 0.980625 0.424141 0.037500 0.039122
