12 0.020000 0.215000 0.040000 0.046666
12 0.047188 0.425417 0.021875 0.022500
12 0.060937 0.899584 0.013125 0.010833
12 0.076250 0.893750 0.005000 0.015834
12 0.084062 0.748750 0.013125 0.025834
12 0.085938 0.270000 0.016875 0.011666
12 0.093750 0.200417 0.016250 0.027500
12 0.118438 0.212500 0.011875 0.010000
12 0.142187 0.661250 0.025625 0.025834
12 0.138437 0.989167 0.013125 0.010000
12 0.234063 0.960000 0.015625 0.006666
12 0.345625 0.963334 0.030000 0.031667
12 0.355312 0.890833 0.013125 0.010000
12 0.386562 0.945417 0.018125 0.027500
12 0.610313 0.856666 0.011875 0.013333
12 0.779687 0.885000 0.021875 0.021666
