15 0.706562 0.678236 0.090625 0.138837
15 0.028750 0.918387 0.057500 0.161351
15 0.050000 0.723264 0.100000 0.290807
15 0.074063 0.454034 0.148125 0.320826
15 0.104062 0.241558 0.190625 0.291745
15 0.115625 0.053471 0.152500 0.106942
15 0.115937 0.751407 0.136875 0.296436
15 0.143750 0.917449 0.160000 0.163227
15 0.227813 0.523452 0.189375 0.298312
15 0.210625 0.755629 0.113750 0.197937
15 0.224688 0.097561 0.134375 0.195122
15 0.253437 0.311445 0.138125 0.228893
15 0.359063 0.848968 0.244375 0.290806
15 0.280312 0.021576 0.071875 0.043152
15 0.390000 0.581145 0.186250 0.252345
15 0.362812 0.437617 0.080625 0.092871
15 0.680937 0.499531 0.636875 0.999062
