7 0.479687 0.457083 0.084375 0.090833
7 0.015312 0.562917 0.023125 0.030833
7 0.026250 0.651250 0.032500 0.024166
7 0.030625 0.460417 0.033750 0.022500
7 0.072500 0.055000 0.112500 0.096666
7 0.038437 0.541250 0.028125 0.019166
7 0.090625 0.317500 0.105000 0.088334
7 0.066562 0.372917 0.054375 0.022500
7 0.068125 0.462917 0.036250 0.085833
7 0.089375 0.698750 0.047500 0.027500
7 0.105625 0.714584 0.041250 0.040833
7 0.147500 0.120417 0.102500 0.072500
7 0.192812 0.439167 0.091875 0.106667
7 0.241875 0.787917 0.168750 0.219167
7 0.177187 0.330417 0.031875 0.037500
7 0.186875 0.268333 0.041250 0.048333
7 0.183750 0.207500 0.030000 0.036666
7 0.200000 0.152083 0.036250 0.022500
7 0.198437 0.528334 0.030625 0.048333
7 0.246250 0.584583 0.026250 0.067500
7 0.243125 0.140834 0.008750 0.048333
7 0.265625 0.205000 0.036250 0.045000
7 0.269062 0.235833 0.026875 0.065000
7 0.351562 0.656250 0.101875 0.065834
7 0.341875 0.407500 0.043750 0.053334
7 0.341250 0.127083 0.025000 0.030833
7 0.360625 0.196250 0.037500 0.040834
7 0.381250 0.736250 0.037500 0.029166
7 0.414687 0.558750 0.094375 0.057500
7 0.395000 0.792084 0.048750 0.065833
7 0.387813 0.600833 0.029375 0.035000
7 0.433750 0.677083 0.031250 0.079167
7 0.464062 0.942917 0.045625 0.022500
7 0.483750 0.219166 0.077500 0.108333
7 0.580937 0.965000 0.059375 0.050000
7 0.654687 0.797084 0.095625 0.069167
7 0.656562 0.609584 0.021875 0.089167
7 0.670000 0.505417 0.026250 0.084167
7 0.740938 0.900417 0.163125 0.127500
7 0.721875 0.699584 0.036250 0.025833
7 0.802812 0.492500 0.023125 0.061666
7 0.861250 0.939167 0.113750 0.095000
7 0.850313 0.817084 0.065625 0.064167
7 0.879687 0.523750 0.021875 0.079166
7 0.923750 0.655834 0.068750 0.051667
7 0.926875 0.819584 0.070000 0.034167
