15 0.194688 0.672446 0.186875 0.338332
15 0.306250 0.848173 0.200000 0.301781
15 0.375938 0.348641 0.178125 0.294283
15 0.385313 0.629803 0.191875 0.333646
15 0.466875 0.112465 0.155000 0.224930
15 0.512500 0.860356 0.212500 0.277414
15 0.514062 0.499063 0.179375 0.280225
15 0.584062 0.675257 0.166875 0.182755
15 0.599375 0.327554 0.187500 0.255858
15 0.670000 0.175258 0.166250 0.247423
15 0.675625 0.537489 0.157500 0.253983
15 0.751875 0.356138 0.133750 0.185567
15 0.732812 0.083411 0.064375 0.136833
15 0.842187 0.131678 0.160625 0.263355
