8 0.230406 0.507812 0.336166 0.230625
8 0.234183 0.509687 0.332389 0.230625
8 0.396601 0.316562 0.338055 0.244375
8 0.398961 0.313125 0.327668 0.247500
8 0.453258 0.800000 0.379603 0.275000
8 0.453258 0.799063 0.379603 0.263125
8 0.572238 0.068125 0.287064 0.136250
8 0.575071 0.069687 0.281398 0.139375
8 0.740322 0.474375 0.358829 0.252500
8 0.742682 0.472500 0.354108 0.246250
8 0.782814 0.267500 0.324834 0.218750
8 0.784231 0.266875 0.327667 0.213750
8 0.902266 0.645312 0.193579 0.235625
8 0.903683 0.645312 0.190746 0.239375
