5 0.483750 0.778750 0.221250 0.177500
5 0.027500 0.221250 0.055000 0.127500
5 0.088750 0.753750 0.177500 0.187500
5 0.117188 0.314167 0.234375 0.100000
5 0.387188 0.808750 0.774375 0.380834
5 0.083438 0.667500 0.124375 0.105000
5 0.114375 0.182083 0.123750 0.142500
5 0.182188 0.530000 0.145625 0.088334
5 0.177812 0.417917 0.131875 0.070833
5 0.259687 0.834167 0.283125 0.268333
5 0.259687 0.723750 0.161875 0.150834
5 0.271250 0.107917 0.151250 0.194167
5 0.280938 0.289167 0.085625 0.050000
5 0.332813 0.400833 0.168125 0.105000
5 0.515625 0.875417 0.508750 0.244167
5 0.521250 0.976250 0.507500 0.045834
5 0.309375 0.549167 0.082500 0.053333
5 0.345000 0.230417 0.115000 0.064167
5 0.361250 0.505833 0.108750 0.056667
5 0.370000 0.271666 0.082500 0.056667
5 0.430312 0.071666 0.184375 0.143333
5 0.405625 0.558750 0.105000 0.072500
5 0.552813 0.236250 0.138125 0.075834
5 0.632812 0.578750 0.293125 0.182500
5 0.638125 0.382916 0.296250 0.144167
5 0.645312 0.037917 0.226875 0.075833
5 0.628438 0.158333 0.165625 0.105000
5 0.713437 0.207084 0.175625 0.095833
5 0.931250 0.166667 0.127500 0.070000
5 0.946250 0.363750 0.106250 0.169166
5 0.946250 0.620417 0.106250 0.217500
5 0.946250 0.844167 0.106250 0.268333
5 0.952812 0.089167 0.093125 0.088333
