9 0.058125 0.855330 0.058750 0.135364
9 0.155313 0.894671 0.064375 0.181895
9 0.191250 0.593909 0.046250 0.079526
9 0.215625 0.376058 0.041250 0.049915
9 0.275625 0.167936 0.048750 0.088833
9 0.350625 0.702199 0.116250 0.130287
9 0.370312 0.077412 0.040625 0.044839
9 0.420625 0.719120 0.031250 0.060914
9 0.461250 0.126057 0.051250 0.121827
9 0.503750 0.381134 0.038750 0.095601
9 0.560937 0.860829 0.075625 0.097292
9 0.556563 0.155668 0.021875 0.042301
9 0.567812 0.975043 0.028125 0.048223
9 0.647813 0.651015 0.070625 0.053299
9 0.642500 0.104484 0.045000 0.098984
9 0.643125 0.335448 0.046250 0.098985
9 0.671563 0.973351 0.023125 0.051607
9 0.691250 0.148900 0.052500 0.142132
9 0.699062 0.523266 0.034375 0.053299
9 0.762813 0.420474 0.065625 0.074450
9 0.793438 0.076988 0.024375 0.055838
9 0.838750 0.093485 0.050000 0.119289
9 0.842813 0.903130 0.044375 0.105753
