14 0.018125 0.290833 0.036250 0.055000
14 0.074063 0.665417 0.148125 0.187500
14 0.024687 0.586250 0.026875 0.032500
14 0.033125 0.509167 0.028750 0.051667
14 0.051250 0.592500 0.043750 0.041666
14 0.047500 0.546667 0.033750 0.043333
14 0.175625 0.286667 0.157500 0.150000
14 0.221563 0.072083 0.213125 0.095833
14 0.143750 0.540834 0.032500 0.051667
14 0.246875 0.208750 0.121250 0.132500
14 0.228750 0.612917 0.040000 0.047500
14 0.244375 0.538750 0.013750 0.030834
14 0.275312 0.572500 0.050625 0.040000
14 0.265000 0.532917 0.025000 0.015833
14 0.288750 0.607500 0.041250 0.051666
14 0.346875 0.283750 0.141250 0.140834
14 0.355625 0.555417 0.076250 0.084167
14 0.387813 0.047083 0.093125 0.042500
14 0.410938 0.563750 0.024375 0.022500
14 0.414062 0.609584 0.028125 0.024167
14 0.427813 0.477500 0.014375 0.040000
14 0.442500 0.586250 0.028750 0.032500
14 0.440312 0.609583 0.020625 0.027500
14 0.507812 0.283750 0.141875 0.137500
14 0.474062 0.544584 0.016875 0.025833
14 0.493437 0.557083 0.016875 0.022500
14 0.499375 0.571667 0.028750 0.031667
14 0.518437 0.555416 0.016875 0.035833
14 0.525313 0.572500 0.028125 0.033334
14 0.541250 0.716250 0.040000 0.047500
14 0.579375 0.732500 0.043750 0.056666
14 0.600625 0.695000 0.040000 0.050000
14 0.618750 0.742917 0.045000 0.064167
14 0.617812 0.925417 0.026875 0.025833
14 0.642813 0.919584 0.025625 0.024167
14 0.661562 0.138333 0.020625 0.040000
14 0.676250 0.158334 0.027500 0.041667
14 0.683437 0.115417 0.018125 0.022500
14 0.692500 0.399583 0.027500 0.027500
14 0.692500 0.179584 0.026250 0.029167
14 0.698438 0.139167 0.016875 0.038333
14 0.696875 0.123750 0.011250 0.014166
14 0.711250 0.811667 0.033750 0.046667
14 0.719688 0.406250 0.029375 0.030834
14 0.743750 0.821250 0.036250 0.037500
14 0.751875 0.204584 0.026250 0.030833
14 0.760313 0.233750 0.029375 0.034166
14 0.770625 0.254584 0.035000 0.040833
14 0.771875 0.165000 0.032500 0.045000
14 0.793750 0.207500 0.035000 0.043334
14 0.804063 0.251667 0.029375 0.050000
14 0.828438 0.188333 0.019375 0.040000
14 0.840938 0.205417 0.033125 0.035833
14 0.863437 0.156666 0.024375 0.041667
14 0.870625 0.254583 0.031250 0.037500
14 0.871250 0.165834 0.030000 0.046667
14 0.894375 0.198334 0.037500 0.053333
14 0.891250 0.180417 0.028750 0.037500
14 0.895312 0.132500 0.030625 0.048334
14 0.905000 0.256667 0.035000 0.055000
14 0.947813 0.443333 0.103125 0.063333
14 0.922813 0.215834 0.016875 0.043333
14 0.945000 0.213334 0.025000 0.031667
14 0.950625 0.231667 0.033750 0.050000
14 0.963125 0.188334 0.035000 0.046667
14 0.971562 0.229584 0.023125 0.045833
14 0.979688 0.153750 0.024375 0.042500
14 0.990000 0.152917 0.018750 0.040833
14 0.991875 0.201250 0.015000 0.047500
