11 0.012188 0.739583 0.024375 0.065833
11 0.493437 0.403750 0.986875 0.137500
11 0.081563 0.645000 0.046875 0.048334
11 0.118750 0.675417 0.036250 0.027500
11 0.127813 0.723750 0.025625 0.034166
11 0.147813 0.805833 0.063125 0.111667
11 0.178437 0.945833 0.095625 0.106667
11 0.202188 0.885417 0.084375 0.075833
11 0.181563 0.664583 0.029375 0.032500
11 0.189375 0.625833 0.042500 0.045000
11 0.195625 0.592917 0.042500 0.040833
11 0.230625 0.710833 0.042500 0.050000
11 0.235312 0.544583 0.023125 0.027500
11 0.254688 0.557084 0.025625 0.030833
11 0.285000 0.937500 0.083750 0.100000
11 0.265625 0.607084 0.035000 0.024167
11 0.270000 0.511250 0.031250 0.032500
11 0.284062 0.549167 0.023125 0.033333
11 0.301250 0.704167 0.036250 0.043333
11 0.310625 0.568750 0.035000 0.040834
11 0.337188 0.508750 0.020625 0.037500
11 0.417812 0.937500 0.091875 0.116666
11 0.405937 0.555417 0.020625 0.027500
11 0.443750 0.689167 0.040000 0.055000
11 0.439375 0.575834 0.028750 0.038333
11 0.456563 0.503750 0.021875 0.027500
11 0.494062 0.966667 0.065625 0.065000
11 0.562187 0.990834 0.056875 0.016667
11 0.613438 0.530000 0.134375 0.040000
11 0.647188 0.456667 0.139375 0.058333
11 0.826562 0.483333 0.178125 0.101667
11 0.775313 0.765834 0.054375 0.056667
11 0.770625 0.625000 0.035000 0.046666
11 0.821562 0.821250 0.069375 0.077500
11 0.840312 0.567083 0.026875 0.037500
11 0.861875 0.541250 0.036250 0.040834
11 0.863125 0.612917 0.033750 0.039167
11 0.869375 0.574167 0.036250 0.035000
11 0.888750 0.785834 0.053750 0.061667
11 0.876563 0.745417 0.026875 0.029167
11 0.909375 0.607500 0.028750 0.036666
11 0.928125 0.930417 0.063750 0.072500
11 0.928125 0.760000 0.052500 0.058334
11 0.946875 0.468750 0.031250 0.027500
11 0.984688 0.641250 0.029375 0.055834
11 0.984688 0.776667 0.029375 0.050000
11 0.990000 0.518750 0.018750 0.030834
