13 0.100000 0.662500 0.156250 0.212500
13 0.228125 0.695312 0.140625 0.174999
13 0.253125 0.453125 0.140626 0.137500
13 0.332031 0.503125 0.057813 0.068750
13 0.385156 0.389062 0.135938 0.184375
13 0.432813 0.432812 0.125000 0.174999
13 0.496875 0.723437 0.118750 0.115625
13 0.518750 0.420312 0.125000 0.115625
13 0.617969 0.444531 0.089062 0.098438
13 0.639062 0.371875 0.106249 0.084374
13 0.701562 0.659375 0.212501 0.168750
13 0.706250 0.436719 0.087500 0.095313
13 0.733594 0.366406 0.107812 0.073437
13 0.782031 0.418749 0.092188 0.109375
13 0.926562 0.346093 0.131251 0.151563
