12 0.251563 0.455834 0.010625 0.011667
12 0.279687 0.277083 0.054375 0.020833
12 0.259375 0.369584 0.007500 0.020833
12 0.266250 0.370417 0.008750 0.019167
12 0.269375 0.452500 0.005000 0.008334
12 0.272813 0.370416 0.006875 0.015833
12 0.279375 0.368750 0.008750 0.019166
12 0.280625 0.469583 0.006250 0.012500
12 0.291563 0.467084 0.005625 0.014167
12 0.321875 0.485000 0.063750 0.021666
12 0.297500 0.457500 0.008750 0.008334
12 0.354375 0.268334 0.083750 0.038333
12 0.331563 0.388750 0.008125 0.014166
12 0.372188 0.391250 0.063125 0.025834
12 0.365000 0.521250 0.007500 0.012500
12 0.414062 0.545416 0.064375 0.024167
12 0.392188 0.279584 0.008125 0.019167
12 0.398750 0.279166 0.015000 0.008333
12 0.410313 0.275000 0.008125 0.016666
12 0.423125 0.519584 0.033750 0.020833
12 0.420625 0.279166 0.010000 0.008333
12 0.460625 0.265416 0.067500 0.035833
12 0.469375 0.412500 0.078750 0.048334
12 0.481875 0.594584 0.010000 0.019167
12 0.487813 0.605417 0.014375 0.025833
12 0.521563 0.257083 0.049375 0.032500
12 0.508437 0.574166 0.006875 0.018333
12 0.513437 0.582917 0.014375 0.019167
12 0.515937 0.608750 0.014375 0.025834
12 0.536875 0.586250 0.013750 0.019166
12 0.539375 0.574167 0.013750 0.015000
12 0.593750 0.454167 0.108750 0.040000
12 0.549375 0.272084 0.008750 0.024167
12 0.553438 0.607083 0.016875 0.022500
12 0.560312 0.262500 0.015625 0.021666
12 0.560937 0.273750 0.016875 0.030834
12 0.558125 0.586250 0.010000 0.015834
12 0.568438 0.597083 0.013125 0.017500
12 0.575625 0.255417 0.010000 0.019167
12 0.577188 0.270416 0.013125 0.024167
12 0.594062 0.275417 0.018125 0.024167
12 0.609063 0.270417 0.018125 0.027500
12 0.610625 0.256667 0.015000 0.010000
12 0.669375 0.468333 0.112500 0.053333
12 0.673750 0.254167 0.106250 0.050000
12 0.639687 0.669583 0.011875 0.017500
12 0.651875 0.677083 0.026250 0.012500
12 0.650000 0.641250 0.013750 0.022500
12 0.664062 0.657500 0.009375 0.015000
12 0.671250 0.636667 0.015000 0.016667
12 0.686250 0.655000 0.011250 0.006666
12 0.702187 0.675000 0.015625 0.011666
12 0.746875 0.732916 0.022500 0.024167
12 0.750313 0.748750 0.020625 0.034166
12 0.755312 0.267917 0.020625 0.027500
12 0.814688 0.482500 0.105625 0.048334
12 0.775938 0.247500 0.025625 0.023334
12 0.776563 0.267917 0.024375 0.024167
12 0.780312 0.731250 0.021875 0.027500
12 0.780937 0.714583 0.015625 0.027500
12 0.790312 0.229584 0.015625 0.019167
12 0.794062 0.766667 0.020625 0.036667
12 0.795312 0.252083 0.020625 0.032500
12 0.794063 0.270834 0.011875 0.018333
12 0.800938 0.232917 0.019375 0.029167
12 0.805625 0.732084 0.017500 0.025833
12 0.812813 0.715417 0.019375 0.025833
12 0.814688 0.249167 0.020625 0.013333
12 0.814688 0.267917 0.018125 0.024167
12 0.815938 0.224167 0.013125 0.015000
12 0.825000 0.237917 0.021250 0.025833
12 0.828438 0.769583 0.021875 0.027500
12 0.827500 0.258750 0.010000 0.009166
12 0.835938 0.267917 0.021875 0.030833
12 0.837813 0.245833 0.020625 0.020000
12 0.839063 0.231250 0.020625 0.022500
12 0.838437 0.718750 0.016875 0.022500
12 0.852187 0.232084 0.008125 0.020833
12 0.857812 0.267084 0.019375 0.029167
12 0.855312 0.247500 0.011875 0.020000
12 0.860313 0.748750 0.016875 0.030834
12 0.866875 0.246667 0.011250 0.015000
12 0.870313 0.267084 0.018125 0.025833
12 0.881250 0.266250 0.011250 0.024166
