13 0.015000 0.600000 0.030000 0.051250
13 0.024167 0.737813 0.048333 0.053125
13 0.150417 0.968125 0.140833 0.062500
13 0.470417 0.659063 0.772500 0.366875
13 0.212084 0.962813 0.090833 0.073125
13 0.249584 0.915312 0.120833 0.083125
13 0.312500 0.891250 0.055000 0.042500
13 0.766667 0.968750 0.088333 0.061250
13 0.757500 0.914375 0.043334 0.055000
13 0.769167 0.895625 0.061667 0.031250
13 0.956667 0.597500 0.018333 0.032500
13 0.975000 0.615625 0.031666 0.041250
13 0.991667 0.625625 0.015000 0.037500
