10 0.4203125 0.40859375 0.1109375 0.20078125
10 0.459375 0.0921875 0.103125 0.184375
10 0.57890625 0.175 0.115625 0.20078125
10 0.6546875 0.328125 0.1078125 0.19765625
10 0.6 0.465625 0.115625 0.1859375
10 0.4765625 0.590625 0.11953125 0.21796875
10 0.59921875 0.65703125 0.12421875 0.215625
10 0.33125 0.4890625 0.11171875 0.18046875
10 0.2421875 0.37734375 0.0984375 0.16640625
10 0.1234375 0.24921875 0.1 0.18203125
10 0.73203125 0.5375 0.11953125 0.190625
10 0.68671875 0.6921875 0.1140625 0.19296875
10 0.89765625 0.78515625 0.1390625 0.21328125
10 0.2953125 0.78984375 0.12109375 0.22265625
10 0.384375 0.89375 0.1171875 0.2078125
10 0.1515625 0.79921875 0.11328125 0.2046875
10 0.31328125 0.146875 0.09765625 0.18203125