14 0.553104 0.422386 0.194445 0.210785
14 0.080882 0.587419 0.080065 0.063725
14 0.151144 0.695261 0.220588 0.135621
14 0.163398 0.304739 0.130719 0.096405
14 0.229575 0.383987 0.142157 0.078432
14 0.255719 0.407680 0.132353 0.125817
14 0.352125 0.406863 0.116013 0.212418
14 0.404411 0.305555 0.080065 0.104575
14 0.424019 0.477125 0.057189 0.127451
14 0.446895 0.219772 0.102941 0.073529
14 0.486928 0.317810 0.111111 0.112745
14 0.556373 0.881536 0.250000 0.148692
14 0.627451 0.246732 0.218954 0.169934
14 0.682190 0.391340 0.148693 0.129085
