12 0.399688 0.772358 0.075625 0.108943
12 0.034688 0.807317 0.069375 0.060162
12 0.081250 0.744309 0.071250 0.082114
12 0.109687 0.805284 0.078125 0.046341
12 0.119687 0.673171 0.081875 0.094309
12 0.157812 0.747968 0.079375 0.089431
12 0.190625 0.715854 0.067500 0.077236
12 0.190312 0.814634 0.051875 0.058536
12 0.285000 0.814227 0.071250 0.046341
12 0.317500 0.751220 0.067500 0.092683
12 0.361875 0.809756 0.073750 0.055284
12 0.370938 0.693496 0.063125 0.081300
12 0.440937 0.816666 0.058125 0.041463
12 0.489063 0.708943 0.034375 0.060162
12 0.490937 0.774796 0.038125 0.087805
12 0.496875 0.690244 0.045000 0.078049
12 0.518750 0.812602 0.046250 0.043089
12 0.559688 0.784553 0.035625 0.056910
12 0.574062 0.819106 0.049375 0.036585
12 0.581875 0.721951 0.041250 0.058537
12 0.629687 0.785772 0.061875 0.072358
12 0.643437 0.817886 0.036875 0.029268
12 0.665938 0.783333 0.055625 0.067480
12 0.701250 0.819106 0.046250 0.036585
12 0.735625 0.784960 0.051250 0.067479
