12 0.474375 0.726562 0.152500 0.111875
12 0.141250 0.562187 0.117500 0.128125
12 0.330937 0.674375 0.118125 0.130000
12 0.336250 0.599062 0.097500 0.081875
12 0.356563 0.540312 0.108125 0.086875
12 0.447187 0.582187 0.100625 0.109375
12 0.632500 0.480313 0.102500 0.118125
12 0.689688 0.787813 0.108125 0.138125
12 0.673125 0.425625 0.051250 0.073750
12 0.730938 0.519688 0.128125 0.118125
12 0.734062 0.412812 0.083125 0.105625
12 0.758125 0.347187 0.056250 0.035625
12 0.825625 0.380312 0.112500 0.133125
12 0.845938 0.500000 0.123125 0.136250
12 0.892813 0.412812 0.049375 0.095625
