4 0.083333 0.065360 0.114379 0.081699
4 0.296568 0.734477 0.537581 0.475490
4 0.156046 0.147875 0.253268 0.116013
4 0.236111 0.356209 0.410130 0.251634
4 0.204248 0.074347 0.114379 0.086601
4 0.392157 0.226308 0.189542 0.093137
4 0.429739 0.066993 0.196079 0.078431
4 0.660131 0.324346 0.290850 0.174837
4 0.616013 0.165849 0.176470 0.122549
4 0.728758 0.107843 0.205882 0.065360
4 0.723039 0.048203 0.129085 0.044117
4 0.838235 0.507353 0.254902 0.200980
4 0.846405 0.757353 0.232026 0.217320
4 0.872549 0.217320 0.179738 0.107843
4 0.875817 0.353758 0.183006 0.132353
4 0.906863 0.118464 0.111111 0.096406
4 0.918300 0.629085 0.088235 0.104576
