9 0.234687 0.227357 0.064375 0.098039
9 0.240313 0.586834 0.075625 0.258637
9 0.343125 0.409431 0.103750 0.189543
9 0.393750 0.374883 0.187500 0.254902
9 0.329062 0.300654 0.005625 0.013072
9 0.332188 0.273576 0.009375 0.013072
9 0.393750 0.549486 0.043750 0.111111
9 0.430625 0.336601 0.102500 0.197012
9 0.524375 0.495331 0.182500 0.269841
9 0.463437 0.544351 0.044375 0.164332
9 0.626875 0.791783 0.090000 0.166200
9 0.658125 0.422502 0.055000 0.120448
9 0.777500 0.534548 0.013750 0.053221
9 0.835312 0.370682 0.021875 0.082166
9 0.902813 0.386088 0.029375 0.064426
9 0.929375 0.407096 0.048750 0.052288
9 0.919063 0.535481 0.018125 0.040150
9 0.987187 0.415033 0.019375 0.045752
