15 0.480625 0.467917 0.148750 0.205833
15 0.119688 0.686250 0.134375 0.177500
15 0.136563 0.309167 0.121875 0.156667
15 0.215313 0.135417 0.134375 0.177500
15 0.215313 0.586250 0.129375 0.164166
15 0.249688 0.398750 0.130625 0.170834
15 0.274062 0.734584 0.123125 0.180833
15 0.308125 0.221250 0.118750 0.187500
15 0.333750 0.534167 0.156250 0.206667
15 0.352500 0.902500 0.152500 0.193334
15 0.378750 0.370417 0.122500 0.137500
15 0.400000 0.236667 0.150000 0.198333
15 0.401250 0.715417 0.147500 0.215833
15 0.456875 0.141667 0.118750 0.160000
15 0.503125 0.837917 0.118750 0.180833
15 0.515625 0.289166 0.112500 0.171667
15 0.527812 0.641250 0.134375 0.174166
15 0.593125 0.142083 0.138750 0.177500
15 0.619063 0.402917 0.145625 0.192500
15 0.623437 0.776250 0.139375 0.179166
15 0.637500 0.931667 0.116250 0.135000
15 0.662187 0.590417 0.131875 0.182500
15 0.738438 0.247917 0.126875 0.179167
15 0.756563 0.715417 0.141875 0.187500
