12 0.085547 0.563612 0.139844 0.202463
12 0.173047 0.562928 0.061718 0.135431
12 0.182812 0.574556 0.042187 0.112175
12 0.208594 0.635431 0.085938 0.140903
12 0.318750 0.574555 0.087500 0.166895
12 0.336328 0.465117 0.083594 0.073871
12 0.334375 0.621751 0.048438 0.072504
12 0.368750 0.593023 0.057812 0.162791
12 0.391015 0.500000 0.030469 0.045144
12 0.445312 0.418604 0.100001 0.139535
12 0.465234 0.565664 0.135156 0.231191
12 0.510547 0.473325 0.063282 0.103967
12 0.558594 0.610807 0.098438 0.162790
12 0.602343 0.558824 0.107813 0.217511
12 0.625000 0.411765 0.128124 0.194255
12 0.702734 0.534884 0.085157 0.142271
12 0.688281 0.635431 0.045313 0.129959
12 0.775782 0.621067 0.120313 0.155950
12 0.757812 0.523940 0.053125 0.051984
12 0.820312 0.581395 0.023437 0.158687
12 0.876563 0.581395 0.120313 0.213406
