10 0.416563 0.820357 0.065625 0.106003
10 0.489688 0.454034 0.080625 0.088180
10 0.558437 0.657130 0.013125 0.029081
10 0.601875 0.026736 0.053750 0.038461
10 0.602500 0.403847 0.055000 0.057223
10 0.587187 0.670262 0.016875 0.025329
10 0.625625 0.636492 0.016250 0.034709
10 0.640938 0.675891 0.024375 0.032833
10 0.676250 0.716229 0.015000 0.044090
10 0.690312 0.687148 0.023125 0.036585
10 0.721875 0.227955 0.047500 0.075046
10 0.791563 0.220451 0.023125 0.060037
10 0.865312 0.086304 0.073125 0.069418
10 0.859688 0.573640 0.054375 0.049718
