13 0.035000 0.236040 0.070000 0.185787
13 0.078750 0.497462 0.157500 0.253808
13 0.090625 0.100507 0.105000 0.192893
13 0.153750 0.595939 0.158750 0.259898
13 0.202187 0.146700 0.118125 0.206091
13 0.227813 0.417766 0.135625 0.208121
13 0.304063 0.617766 0.146875 0.295431
13 0.314375 0.455838 0.137500 0.158375
13 0.313750 0.179696 0.115000 0.227411
13 0.375000 0.243148 0.146250 0.212183
13 0.405938 0.408629 0.161875 0.260913
13 0.447500 0.831979 0.160000 0.267005
13 0.461250 0.611675 0.166250 0.232488
13 0.534062 0.541624 0.201875 0.301523
13 0.568750 0.205584 0.215000 0.319797
13 0.565937 0.815736 0.118125 0.212182
13 0.684063 0.686295 0.164375 0.237563
13 0.673750 0.459390 0.133750 0.212183
13 0.806875 0.628934 0.158750 0.297462
13 0.849375 0.463452 0.166250 0.216244
