10 0.200937 0.342917 0.075625 0.095833
10 0.275000 0.910000 0.038750 0.041666
10 0.275625 0.869583 0.001250 0.042500
10 0.307500 0.574166 0.046250 0.051667
10 0.313438 0.495000 0.058125 0.068334
10 0.315937 0.866667 0.034375 0.055000
10 0.341562 0.066250 0.063125 0.075834
10 0.334688 0.614583 0.046875 0.035833
10 0.333750 0.546667 0.037500 0.058333
10 0.385937 0.365000 0.096875 0.098334
10 0.386875 0.635000 0.050000 0.056666
10 0.384375 0.464583 0.030000 0.035833
10 0.409687 0.441250 0.051875 0.082500
10 0.470937 0.084167 0.065625 0.085000
10 0.515625 0.202500 0.085000 0.103334
10 0.510938 0.468750 0.050625 0.079166
10 0.515312 0.260000 0.054375 0.040000
10 0.531562 0.565000 0.048125 0.050000
10 0.589063 0.677500 0.030625 0.031666
10 0.625313 0.735834 0.046875 0.061667
10 0.630312 0.521667 0.056875 0.066667
10 0.624063 0.798333 0.030625 0.051667
10 0.658125 0.619583 0.050000 0.067500
10 0.669063 0.682500 0.028125 0.041666
10 0.676875 0.776666 0.028750 0.043333
10 0.692812 0.735834 0.058125 0.061667
10 0.714375 0.626667 0.062500 0.073333
