12 0.021875 0.716495 0.043750 0.274602
12 0.031563 0.528116 0.063125 0.190253
12 0.050000 0.269447 0.100000 0.338332
12 0.077188 0.077319 0.154375 0.137769
12 0.149688 0.439550 0.234375 0.279288
12 0.168750 0.683692 0.265000 0.362699
12 0.238437 0.171509 0.230625 0.307404
12 0.231563 0.024368 0.183125 0.048735
12 0.315000 0.860825 0.211250 0.276476
12 0.342812 0.586223 0.178125 0.257732
12 0.405938 0.325211 0.219375 0.277414
12 0.372500 0.115745 0.135000 0.195876
12 0.425625 0.940956 0.217500 0.116214
12 0.446875 0.041705 0.132500 0.083411
12 0.501563 0.685567 0.239375 0.353328
12 0.542500 0.219775 0.207500 0.287722
12 0.539687 0.459701 0.184375 0.199625
12 0.654375 0.891753 0.237500 0.214621
12 0.645000 0.078257 0.210000 0.156514
12 0.695312 0.370196 0.195625 0.301781
12 0.731250 0.686973 0.213750 0.309278
12 0.810000 0.950328 0.251250 0.097470
12 0.831250 0.139644 0.221250 0.279288
12 0.870313 0.888941 0.184375 0.197750
12 0.900313 0.399251 0.198125 0.301781
12 0.918750 0.677601 0.161250 0.363636
12 0.932813 0.082005 0.128125 0.164011
12 0.961875 0.229147 0.075000 0.111528
12 0.976562 0.973289 0.045625 0.051547
