9 0.015313 0.569584 0.030625 0.080833
9 0.284687 0.489583 0.093125 0.082500
9 0.325625 0.476250 0.078750 0.077500
9 0.399062 0.710834 0.091875 0.101667
9 0.474688 0.556667 0.100625 0.216667
9 0.458750 0.309584 0.032500 0.035833
9 0.479063 0.602500 0.055625 0.060000
9 0.522813 0.303750 0.059375 0.072500
9 0.529687 0.561667 0.068125 0.093333
9 0.567187 0.293333 0.021875 0.035000
9 0.633750 0.348334 0.080000 0.058333
9 0.710625 0.347500 0.068750 0.066666
9 0.759375 0.399167 0.040000 0.060000
9 0.795000 0.295000 0.067500 0.038334
9 0.807813 0.387084 0.025625 0.029167
9 0.913437 0.437917 0.024375 0.037500
