6 0.407187 0.852083 0.130625 0.204167
6 0.410000 0.852917 0.130000 0.210833
6 0.430625 0.559583 0.115000 0.084167
6 0.427813 0.561250 0.106875 0.074166
6 0.431875 0.702083 0.078750 0.084167
6 0.434375 0.700417 0.073750 0.087500
6 0.569063 0.629167 0.139375 0.145000
6 0.570937 0.634167 0.136875 0.148333
6 0.666250 0.660000 0.046250 0.065000
6 0.666250 0.660000 0.041250 0.068334
6 0.686250 0.607500 0.047500 0.053334
6 0.686875 0.609167 0.046250 0.056667
6 0.730625 0.864167 0.123750 0.166667
6 0.731875 0.860417 0.115000 0.174167
6 0.742188 0.630000 0.054375 0.066666
6 0.745625 0.629167 0.045000 0.065000
