12 0.091250 0.553846 0.086250 0.088688
12 0.095312 0.630769 0.075625 0.047059
12 0.241250 0.462896 0.145000 0.089592
12 0.268125 0.534389 0.140000 0.138462
12 0.252812 0.604072 0.090625 0.100453
12 0.362812 0.489140 0.065625 0.107692
12 0.384063 0.602262 0.084375 0.133031
12 0.518125 0.479638 0.108750 0.123076
12 0.521875 0.575113 0.055000 0.120362
12 0.562188 0.568778 0.064375 0.055204
12 0.600625 0.607692 0.073750 0.078733
12 0.606562 0.500905 0.083125 0.127602
12 0.657500 0.579186 0.057500 0.061539
12 0.707500 0.516742 0.118750 0.148416
12 0.698125 0.618552 0.092500 0.122172
12 0.818438 0.628054 0.108125 0.159276
