12 0.550625 0.630000 0.165000 0.266666
12 0.035625 0.576667 0.071250 0.140000
12 0.052500 0.906250 0.105000 0.185834
12 0.058125 0.255417 0.116250 0.185833
12 0.072188 0.432083 0.136875 0.180833
12 0.113750 0.575000 0.092500 0.125000
12 0.165625 0.620833 0.157500 0.165000
12 0.172500 0.242083 0.105000 0.127500
12 0.220312 0.154584 0.135625 0.190833
12 0.290000 0.419167 0.228750 0.268333
12 0.259063 0.764584 0.135625 0.190833
12 0.326250 0.185834 0.071250 0.108333
12 0.368750 0.797917 0.068750 0.144167
12 0.470937 0.295833 0.205625 0.270000
12 0.483125 0.846250 0.181250 0.250834
12 0.485000 0.487500 0.153750 0.153334
12 0.581875 0.203334 0.122500 0.256667
12 0.593438 0.829167 0.063125 0.145000
12 0.603437 0.414583 0.066875 0.184167
