13 0.168750 0.256667 0.150000 0.258333
13 0.263750 0.351250 0.088750 0.144166
13 0.279062 0.191667 0.099375 0.101667
13 0.316250 0.129167 0.080000 0.093333
13 0.322500 0.366666 0.070000 0.148333
13 0.370312 0.244584 0.108125 0.120833
13 0.392188 0.365834 0.100625 0.188333
13 0.371563 0.153334 0.046875 0.051667
13 0.392188 0.080000 0.064375 0.056666
13 0.439375 0.400417 0.125000 0.180833
13 0.432500 0.258750 0.070000 0.129166
13 0.449062 0.146250 0.103125 0.150834
13 0.515625 0.227917 0.143750 0.142500
13 0.502188 0.087084 0.088125 0.074167
13 0.545937 0.443333 0.165625 0.176667
13 0.505937 0.130000 0.074375 0.063334
13 0.558750 0.288333 0.155000 0.185000
13 0.618125 0.137500 0.150000 0.141666
13 0.674063 0.418750 0.168125 0.182500
13 0.671875 0.246250 0.148750 0.165834
13 0.769063 0.162500 0.135625 0.150000
13 0.750937 0.429584 0.063125 0.149167
13 0.813437 0.271250 0.144375 0.167500
13 0.828750 0.394167 0.126250 0.168333
13 0.831563 0.140416 0.061875 0.090833
13 0.904375 0.152084 0.112500 0.125833
13 0.917188 0.260833 0.104375 0.115000
13 0.920625 0.393334 0.092500 0.156667
13 0.972188 0.275417 0.054375 0.172500
13 0.979375 0.403750 0.040000 0.112500
