12 0.166875 0.855649 0.121250 0.159833
12 0.165000 0.694142 0.115000 0.146444
12 0.179688 0.968201 0.115625 0.061924
12 0.190313 0.282427 0.113125 0.139749
12 0.206875 0.187448 0.073750 0.073640
12 0.223438 0.124268 0.076875 0.092887
12 0.249375 0.036402 0.085000 0.072803
12 0.264062 0.766109 0.108125 0.153138
12 0.273125 0.329288 0.117500 0.099581
12 0.280938 0.918410 0.121875 0.151464
12 0.286875 0.230544 0.087500 0.107950
12 0.298750 0.150627 0.073750 0.061925
12 0.308438 0.091632 0.061875 0.076151
12 0.369063 0.672385 0.119375 0.144770
12 0.371563 0.286611 0.098125 0.134728
12 0.379688 0.962343 0.111875 0.073640
12 0.395313 0.103765 0.096875 0.071967
12 0.378750 0.573222 0.050000 0.066946
12 0.385000 0.068619 0.062500 0.043515
12 0.439063 0.309205 0.106875 0.151464
12 0.482812 0.758578 0.119375 0.148117
12 0.471250 0.223431 0.088750 0.073640
12 0.485313 0.918410 0.109375 0.151464
12 0.473125 0.077406 0.081250 0.087866
12 0.483437 0.153975 0.090625 0.110460
12 0.528438 0.661925 0.030625 0.061925
12 0.587187 0.156067 0.058125 0.084518
12 0.627500 0.959833 0.100000 0.078661
12 0.642813 0.848117 0.115625 0.164854
12 0.648750 0.018410 0.073750 0.036820
12 0.649375 0.122594 0.058750 0.099582
12 0.677812 0.176151 0.100625 0.072803
12 0.650625 0.050628 0.042500 0.047699
12 0.695937 0.582846 0.105625 0.131381
12 0.728750 0.765272 0.128750 0.164854
12 0.737500 0.921757 0.127500 0.154812
12 0.722813 0.080335 0.074375 0.066946
12 0.725312 0.274477 0.073125 0.123850
12 0.744062 0.138494 0.098125 0.096234
12 0.745313 0.017155 0.080625 0.032636
12 0.770312 0.222594 0.084375 0.103766
12 0.772813 0.589540 0.055625 0.102929
12 0.803750 0.333473 0.113750 0.087866
12 0.806875 0.661088 0.120000 0.138912
12 0.786562 0.569875 0.068125 0.080335
12 0.823750 0.115062 0.070000 0.064435
12 0.855937 0.954812 0.124375 0.085356
12 0.839688 0.174477 0.061875 0.079498
12 0.931250 0.737657 0.121250 0.138076
12 0.942813 0.884937 0.110625 0.153138
