9 0.067187 0.571295 0.134375 0.433395
9 0.130000 0.900094 0.103750 0.197936
9 0.308438 0.567542 0.220625 0.125704
9 0.374062 0.682927 0.286875 0.243902
9 0.296250 0.499061 0.096250 0.076923
9 0.320938 0.409474 0.080625 0.117261
9 0.398750 0.464822 0.152500 0.177298
9 0.480938 0.449343 0.214375 0.219512
9 0.410000 0.935741 0.043750 0.045966
9 0.517188 0.599437 0.176875 0.168856
9 0.475312 0.904785 0.081875 0.096623
9 0.527812 0.418386 0.176875 0.131333
9 0.538438 0.769700 0.178125 0.128518
9 0.698750 0.462477 0.221250 0.172608
9 0.724375 0.280957 0.270000 0.175422
9 0.775000 0.497185 0.295000 0.212007
9 0.680937 0.938087 0.034375 0.073171
9 0.745938 0.363509 0.129375 0.121013
9 0.730625 0.914634 0.065000 0.069418
9 0.796563 0.601782 0.189375 0.117261
9 0.808750 0.958724 0.055000 0.050657
9 0.843750 0.887899 0.047500 0.053471
9 0.890312 0.337711 0.135625 0.106942
