13 0.192188 0.617614 0.033125 0.073579
13 0.260937 0.517280 0.074375 0.127090
13 0.351562 0.625976 0.065625 0.112597
13 0.386250 0.695652 0.096250 0.222966
13 0.368750 0.508362 0.046250 0.073579
13 0.410313 0.579153 0.063125 0.110368
13 0.412812 0.530100 0.068125 0.061315
13 0.493750 0.508362 0.057500 0.073579
13 0.580000 0.648829 0.102500 0.149387
13 0.559063 0.515050 0.029375 0.051282
13 0.562813 0.475474 0.034375 0.043478
13 0.582188 0.548495 0.058125 0.080268
13 0.631563 0.516165 0.038125 0.066890
13 0.807188 0.602006 0.384375 0.557413
