3 0.175937 0.625556 0.126875 0.271111
3 0.229687 0.390556 0.089375 0.110000
3 0.259375 0.145000 0.097500 0.218888
3 0.270000 0.845556 0.110000 0.182223
3 0.307188 0.772223 0.135625 0.291111
3 0.313125 0.274445 0.041250 0.073333
3 0.366875 0.559445 0.140000 0.256667
3 0.435625 0.864445 0.102500 0.206667
3 0.555312 0.943334 0.075625 0.108889
3 0.602812 0.608333 0.070625 0.107778
3 0.656250 0.258888 0.112500 0.191111
3 0.700000 0.756111 0.098750 0.207778
3 0.759062 0.733333 0.126875 0.180000
3 0.760313 0.630000 0.083125 0.117778
3 0.820000 0.366667 0.082500 0.142222
