15 0.415235 0.842573 0.099219 0.114017
15 0.217188 0.513075 0.098437 0.097280
15 0.268359 0.438285 0.078907 0.094143
15 0.309766 0.496339 0.063281 0.078452
15 0.359766 0.304916 0.072656 0.097280
15 0.375781 0.517783 0.082813 0.102511
15 0.420703 0.608787 0.080469 0.110879
15 0.426172 0.214958 0.080468 0.097280
15 0.540235 0.703974 0.080469 0.131799
15 0.541797 0.876046 0.072656 0.124477
15 0.634375 0.710251 0.081250 0.106694
15 0.678515 0.595711 0.089843 0.126569
15 0.766015 0.824268 0.096093 0.121339
