9 0.101377 0.309584 0.132666 0.084167
9 0.130789 0.219166 0.113893 0.086667
9 0.167084 0.378750 0.123905 0.077500
9 0.188361 0.427083 0.123905 0.077500
9 0.220276 0.565416 0.122653 0.085833
9 0.264706 0.212500 0.126408 0.106666
9 0.317272 0.265833 0.148937 0.110000
9 0.309137 0.567083 0.082603 0.092500
9 0.351064 0.034584 0.138924 0.069167
9 0.349812 0.460417 0.121402 0.085833
9 0.399875 0.416250 0.133918 0.087500
9 0.406133 0.367500 0.121402 0.058334
9 0.413017 0.146666 0.135169 0.116667
9 0.556947 0.547917 0.152691 0.079167
9 0.566958 0.157500 0.152691 0.106666
9 0.585106 0.629166 0.141427 0.093333
9 0.645808 0.797083 0.107635 0.067500
9 0.656446 0.728750 0.128911 0.079166
9 0.658323 0.635000 0.082604 0.085000
9 0.690864 0.866667 0.132665 0.100000
9 0.698373 0.666250 0.147684 0.087500
9 0.739049 0.539583 0.113892 0.082500
9 0.838548 0.830417 0.142678 0.085833
9 0.836671 0.567084 0.113892 0.085833
9 0.895494 0.727083 0.168961 0.082500
9 0.891114 0.650417 0.150188 0.087500
9 0.887985 0.688750 0.131414 0.025834
