13 0.665000 0.848750 0.125000 0.117500
13 0.015000 0.420000 0.030000 0.085000
13 0.017500 0.033750 0.035000 0.067500
13 0.017500 0.103750 0.035000 0.047500
13 0.023750 0.328750 0.047500 0.082500
13 0.036250 0.256250 0.072500 0.102500
13 0.040000 0.200000 0.080000 0.055000
13 0.132500 0.646250 0.265000 0.207500
13 0.135000 0.851250 0.270000 0.247500
13 0.043750 0.137500 0.082500 0.070000
13 0.051250 0.067500 0.087500 0.080000
13 0.175000 0.327500 0.255000 0.140000
13 0.200000 0.190000 0.215000 0.125000
13 0.226250 0.081250 0.217500 0.092500
13 0.166250 0.008750 0.042500 0.017500
13 0.213750 0.010000 0.052500 0.020000
13 0.282500 0.013750 0.070000 0.027500
13 0.433750 0.827500 0.302500 0.255000
13 0.436250 0.635000 0.287500 0.200000
13 0.440000 0.446250 0.250000 0.152500
13 0.440000 0.291250 0.235000 0.142500
13 0.452500 0.146250 0.230000 0.142500
13 0.457500 0.045000 0.215000 0.090000
13 0.690000 0.163750 0.235000 0.142500
13 0.702500 0.302500 0.235000 0.150000
13 0.723750 0.480000 0.262500 0.150000
13 0.697500 0.050000 0.205000 0.100000
13 0.751250 0.662500 0.302500 0.180000
13 0.783750 0.878750 0.332500 0.217500
13 0.913750 0.255000 0.157500 0.220000
13 0.921250 0.073750 0.147500 0.147500
13 0.941250 0.531250 0.107500 0.147500
13 0.936250 0.466250 0.082500 0.082500
13 0.961250 0.670000 0.072500 0.150000
13 0.970000 0.788750 0.055000 0.142500
13 0.972500 0.428750 0.050000 0.087500
13 0.981250 0.891250 0.032500 0.062500
