3 0.113125 0.410000 0.106250 0.160000
3 0.162500 0.323333 0.165000 0.120000
3 0.190625 0.532500 0.143750 0.168334
3 0.259375 0.673334 0.146250 0.166667
3 0.294375 0.865834 0.181250 0.141667
3 0.313750 0.520833 0.155000 0.155000
3 0.318750 0.285000 0.150000 0.166666
3 0.421250 0.372500 0.160000 0.205000
3 0.428750 0.721666 0.142500 0.273333
3 0.495000 0.932500 0.207500 0.125000
3 0.531250 0.768334 0.172500 0.253333
3 0.526250 0.132500 0.122500 0.075000
3 0.581250 0.306667 0.147500 0.206667
3 0.605000 0.529166 0.147500 0.271667
