4 0.049063 0.644811 0.088125 0.127359
4 0.124063 0.645283 0.061875 0.162264
4 0.189375 0.858491 0.105000 0.160377
4 0.182188 0.658490 0.083125 0.162265
4 0.245312 0.626415 0.075625 0.167924
4 0.291875 0.877359 0.120000 0.154717
4 0.317813 0.578773 0.080625 0.036793
4 0.678125 0.597641 0.642500 0.217925
4 0.423125 0.831133 0.121250 0.154717
4 0.512813 0.824057 0.085625 0.168868
4 0.590312 0.828773 0.084375 0.170755
4 0.665938 0.826887 0.071875 0.150000
4 0.881250 0.781132 0.112500 0.160378
4 0.958750 0.781132 0.070000 0.160378
4 0.985625 0.775000 0.027500 0.123584
