14 0.064844 0.428125 0.067188 0.053125
14 0.067969 0.394531 0.051562 0.039062
14 0.133594 0.275000 0.045313 0.043750
14 0.197656 0.132031 0.060938 0.064062
14 0.210156 0.274219 0.039062 0.060938
14 0.237499 0.236718 0.040625 0.039063
14 0.246875 0.664062 0.050000 0.056249
14 0.306250 0.711719 0.137500 0.132813
14 0.263282 0.073438 0.039063 0.025000
14 0.269531 0.127343 0.039062 0.032813
14 0.285938 0.050000 0.046875 0.034376
14 0.424218 0.808593 0.098437 0.079687
14 0.443750 0.375000 0.053125 0.075000
14 0.478907 0.325000 0.035937 0.053124
14 0.492969 0.187500 0.039063 0.031250
14 0.500781 0.151563 0.042187 0.043750
14 0.513281 0.085938 0.039062 0.046875
14 0.525781 0.196094 0.042188 0.039062
14 0.514844 0.014063 0.007812 0.025000
14 0.535937 0.013281 0.024999 0.026563
14 0.545312 0.077343 0.018751 0.026563
14 0.550781 0.196094 0.023438 0.039062
14 0.791407 0.115625 0.039063 0.046874
14 0.796875 0.070312 0.021876 0.028125
14 0.824218 0.147656 0.051563 0.045312
14 0.846876 0.114063 0.040625 0.062500
14 0.882032 0.246875 0.076563 0.084374
