6 0.511875 0.254939 0.092500 0.158044
6 0.564063 0.297272 0.175625 0.359360
6 0.650625 0.181562 0.151250 0.359361
6 0.674063 0.713546 0.144375 0.115711
6 0.713125 0.729539 0.166250 0.347130
6 0.795000 0.378175 0.243750 0.231420
6 0.725312 0.590310 0.041875 0.211665
6 0.801562 0.815146 0.091875 0.121354
6 0.855625 0.043744 0.156250 0.087488
6 0.895312 0.042804 0.208125 0.085607
6 0.829063 0.920979 0.046875 0.090311
6 0.875313 0.181561 0.093125 0.242709
6 0.934375 0.608184 0.130000 0.269991
6 0.963125 0.218250 0.072500 0.316087
