13 0.071875 0.257812 0.115626 0.096875
13 0.079687 0.392969 0.115625 0.154688
13 0.167187 0.290625 0.093750 0.078125
13 0.204687 0.421875 0.090625 0.090624
13 0.250781 0.628906 0.117187 0.151562
13 0.360156 0.446875 0.098438 0.087500
13 0.404688 0.675782 0.118750 0.104687
13 0.470313 0.438281 0.106250 0.107813
13 0.532813 0.673438 0.124999 0.106249
13 0.594531 0.449999 0.095312 0.109375
13 0.889843 0.273438 0.076563 0.128125
13 0.931250 0.677344 0.134376 0.139062
13 0.948438 0.455468 0.100000 0.123437
13 0.963282 0.271093 0.070313 0.098437
