10 0.233437 0.781250 0.353125 0.397500
10 0.090313 0.652500 0.180625 0.291666
10 0.105938 0.463750 0.089375 0.120834
10 0.168750 0.243333 0.208750 0.310000
10 0.258437 0.394167 0.254375 0.370000
10 0.440625 0.484583 0.308750 0.417500
10 0.450938 0.257500 0.189375 0.110000
10 0.520000 0.137083 0.242500 0.274167
10 0.659375 0.675834 0.351250 0.478333
10 0.693125 0.086250 0.232500 0.172500
10 0.759687 0.315833 0.360625 0.423333
10 0.901875 0.564584 0.187500 0.380833
10 0.911563 0.200416 0.175625 0.365833
