6 0.054688 0.024739 0.057291 0.015625
6 0.108507 0.051432 0.043402 0.040365
6 0.163194 0.162760 0.062500 0.031250
6 0.199653 0.115234 0.065972 0.024739
6 0.201389 0.167318 0.031250 0.019531
6 0.572048 0.654297 0.585069 0.688802
6 0.309896 0.628906 0.036458 0.026042
6 0.329862 0.259115 0.048611 0.018229
6 0.342882 0.210938 0.053820 0.015625
6 0.398438 0.007812 0.057291 0.015625
6 0.428820 0.159505 0.069445 0.035156
6 0.427951 0.214844 0.050347 0.020833
6 0.500868 0.285807 0.032986 0.029948
6 0.519965 0.211589 0.071181 0.014323
6 0.572917 0.287109 0.045139 0.032552
6 0.654514 0.239584 0.072916 0.020833
6 0.674480 0.011067 0.078125 0.022135
