5 0.189453 0.096258 0.167969 0.192516
5 0.086914 0.260156 0.154297 0.277500
5 0.281250 0.269695 0.152344 0.282703
5 0.435547 0.251484 0.148438 0.267094
5 0.576172 0.299180 0.140625 0.258422
5 0.712891 0.255820 0.144531 0.248016
5 0.877930 0.211594 0.154297 0.270562
5 0.179688 0.471750 0.164062 0.277500
5 0.277344 0.666867 0.156250 0.272297
5 0.116211 0.729305 0.158203 0.265359
5 0.368164 0.469148 0.138672 0.244547
5 0.503906 0.515109 0.140625 0.253219
5 0.669922 0.481289 0.140625 0.241078
5 0.812500 0.444867 0.140625 0.251484
5 0.765625 0.679875 0.144531 0.256687
5 0.919922 0.679008 0.156250 0.261891
5 0.611328 0.708492 0.167969 0.293109
5 0.422852 0.714562 0.142578 0.256688
5 0.217773 0.889734 0.154297 0.218531
5 0.519531 0.890602 0.156250 0.213328
5 0.701172 0.894937 0.156250 0.208125
5 0.867188 0.893203 0.148438 0.211594
5 0.618164 0.096258 0.146484 0.192516