9 0.237188 0.704971 0.075625 0.119137
9 0.296250 0.743433 0.096250 0.137899
9 0.352187 0.725140 0.066875 0.125703
9 0.515000 0.482646 0.056250 0.106003
9 0.530937 0.624297 0.085625 0.141651
9 0.579063 0.657599 0.076875 0.144465
9 0.643437 0.626173 0.080625 0.130394
9 0.639687 0.536585 0.065625 0.075047
9 0.695000 0.365385 0.088750 0.190431
9 0.784687 0.396342 0.090625 0.151031
9 0.776250 0.045966 0.066250 0.091932
9 0.790937 0.338649 0.093125 0.086304
9 0.854375 0.138368 0.115000 0.109756
9 0.868437 0.068950 0.110625 0.137899
