6 0.020938 0.922084 0.041875 0.140833
6 0.177500 0.688333 0.336250 0.363333
6 0.122500 0.381250 0.125000 0.265834
6 0.271563 0.790000 0.131875 0.418334
6 0.329688 0.210417 0.170625 0.175833
6 0.333750 0.393334 0.147500 0.378333
6 0.373125 0.624167 0.158750 0.200000
6 0.435313 0.802917 0.171875 0.234167
6 0.548750 0.229166 0.146250 0.458333
6 0.566250 0.580000 0.163750 0.210000
6 0.599687 0.170833 0.100625 0.106667
6 0.636875 0.256250 0.161250 0.160834
6 0.703125 0.337500 0.116250 0.160000
6 0.701250 0.209584 0.110000 0.139167
6 0.776875 0.608333 0.155000 0.206667
6 0.848437 0.305417 0.161875 0.162500
6 0.904687 0.706667 0.180625 0.206667
6 0.933438 0.550000 0.131875 0.168334
6 0.958750 0.324167 0.080000 0.141667
6 0.975938 0.192083 0.046875 0.127500
6 0.976875 0.081667 0.043750 0.113333
