14 0.727222 0.501672 0.130000 0.217391
14 0.277222 0.521740 0.118889 0.200669
14 0.327778 0.407191 0.200000 0.212375
14 0.281666 0.600334 0.083333 0.140469
14 0.377222 0.677257 0.154444 0.227425
14 0.365000 0.550167 0.123334 0.086957
14 0.366667 0.796823 0.115555 0.165552
14 0.460556 0.853679 0.087777 0.148830
14 0.484445 0.489967 0.135555 0.244147
14 0.471667 0.692308 0.094445 0.180602
14 0.562223 0.823578 0.126667 0.205685
14 0.565555 0.355351 0.106667 0.162208
14 0.607222 0.673077 0.152222 0.235786
14 0.610000 0.508362 0.128888 0.160535
14 0.673889 0.426422 0.107778 0.147157
14 0.695000 0.658027 0.118888 0.225752
