13 0.099437 0.885313 0.015010 0.008125
13 0.160882 0.855312 0.025328 0.011875
13 0.158536 0.866250 0.015009 0.013750
13 0.183865 0.850000 0.020638 0.008750
13 0.202158 0.820937 0.019700 0.008125
13 0.474672 0.567500 0.392120 0.160000
13 0.590526 0.675000 0.012195 0.005000
13 0.603190 0.680312 0.013133 0.008125
13 0.747186 0.780312 0.017824 0.006875
13 0.756097 0.784375 0.015009 0.008750
13 0.804878 0.561562 0.020638 0.010625
13 0.824109 0.556250 0.017824 0.010000
13 0.850845 0.749375 0.015009 0.010000
