14 0.320625 0.631918 0.148750 0.226513
14 0.177500 0.618405 0.182500 0.124839
14 0.223750 0.714929 0.100000 0.124839
14 0.288125 0.332046 0.206250 0.172458
14 0.285625 0.734235 0.126250 0.135135
14 0.424375 0.179536 0.223750 0.209781
14 0.426250 0.771558 0.160000 0.119691
14 0.503125 0.654440 0.231250 0.168597
14 0.512500 0.363577 0.145000 0.256113
14 0.562500 0.231660 0.235000 0.115830
14 0.625625 0.718147 0.203750 0.249678
14 0.601250 0.442729 0.135000 0.149293
14 0.771875 0.503218 0.216250 0.169885
