6 0.023452 0.177812 0.046904 0.048125
6 0.023452 0.648438 0.046904 0.114375
6 0.024860 0.446875 0.049719 0.111250
6 0.044090 0.151250 0.088180 0.050000
6 0.056754 0.315937 0.113508 0.105625
6 0.061913 0.370625 0.123827 0.088750
6 0.072233 0.263125 0.144465 0.122500
6 0.104128 0.632812 0.208255 0.141875
6 0.143527 0.478437 0.258912 0.164375
6 0.163696 0.591875 0.259850 0.200000
6 0.144465 0.242500 0.106942 0.116250
6 0.157130 0.164062 0.128517 0.068125
6 0.436210 0.574375 0.649156 0.488750
6 0.218574 0.242500 0.112570 0.121250
6 0.289400 0.592812 0.233583 0.126875
6 0.606473 0.507812 0.717636 0.468125
6 0.827392 0.112187 0.343340 0.151875
