15 0.757812 0.722917 0.086875 0.132500
15 0.015938 0.124583 0.031875 0.115833
15 0.028750 0.582084 0.057500 0.124167
15 0.032188 0.440000 0.064375 0.115000
15 0.042500 0.896250 0.085000 0.132500
15 0.075938 0.660416 0.098125 0.119167
15 0.097188 0.539166 0.106875 0.113333
15 0.096562 0.155833 0.098125 0.115000
15 0.099063 0.398750 0.093125 0.119166
15 0.103438 0.285833 0.099375 0.110000
15 0.105000 0.060833 0.081250 0.095000
15 0.124375 0.910000 0.115000 0.143334
15 0.150625 0.744584 0.080000 0.119167
15 0.162812 0.457917 0.094375 0.110833
15 0.163750 0.618334 0.087500 0.113333
15 0.175937 0.336667 0.091875 0.115000
15 0.177187 0.206667 0.089375 0.103333
15 0.243750 0.577917 0.092500 0.129167
15 0.546563 0.490834 0.675625 0.981667
15 0.932188 0.297084 0.103125 0.129167
15 0.926875 0.494167 0.080000 0.100000
15 0.945312 0.167917 0.100625 0.132500
15 0.948438 0.752500 0.101875 0.131666
15 0.978125 0.065000 0.042500 0.103334
15 0.981250 0.252500 0.036250 0.098334
15 0.987813 0.550834 0.023125 0.093333
