7 0.138125 0.610202 0.110000 0.197041
7 0.283750 0.718458 0.243750 0.088006
7 0.336875 0.782711 0.242500 0.079439
7 0.262188 0.562694 0.074375 0.154985
7 0.342813 0.428349 0.116875 0.482866
7 0.456250 0.741044 0.147500 0.073987
7 0.427500 0.401480 0.080000 0.337227
7 0.493125 0.359424 0.078750 0.239097
7 0.600625 0.764798 0.200000 0.104361
7 0.790313 0.768303 0.273125 0.084891
7 0.724375 0.378894 0.068750 0.295172
7 0.789062 0.413162 0.088125 0.426012
7 0.862813 0.387072 0.084375 0.366043
7 0.929688 0.365265 0.055625 0.356698
