5 0.611328 0.536317 0.152344 0.223270
5 0.556641 0.728361 0.128906 0.195166
5 0.458984 0.638584 0.121094 0.171746
5 0.463867 0.821260 0.095703 0.187360
5 0.731445 0.656539 0.142578 0.220148
5 0.829102 0.433269 0.142578 0.229516
5 0.865234 0.642487 0.132813 0.217025
5 0.817383 0.832970 0.154297 0.229516
5 0.708008 0.914159 0.123047 0.167062
5 0.674805 0.194386 0.126953 0.220148
5 0.506836 0.472302 0.099609 0.182676
5 0.195312 0.809550 0.132812 0.220148
5 0.116211 0.497284 0.119141 0.176430
5 0.095703 0.694011 0.132812 0.232638
5 0.295898 0.556614 0.115234 0.188921
5 0.404297 0.530072 0.093750 0.154572
5 0.434570 0.224051 0.111328 0.192044
5 0.589844 0.328660 0.101562 0.163940
5 0.298828 0.225612 0.117188 0.170185
5 0.259766 0.411411 0.140625 0.185798
5 0.113281 0.345835 0.109375 0.142081
5 0.632812 0.074163 0.117188 0.148326
5 0.843750 0.172527 0.113281 0.163940
5 0.942383 0.475425 0.095703 0.188921
5 0.347656 0.742413 0.125000 0.273233
5 0.573242 0.914159 0.134766 0.167062