13 0.491875 0.686250 0.033750 0.039166
13 0.505937 0.855834 0.054375 0.058333
13 0.521875 0.698334 0.040000 0.056667
13 0.534375 0.716250 0.038750 0.037500
13 0.564063 0.874583 0.035625 0.034167
13 0.621563 0.663750 0.039375 0.074166
13 0.636875 0.831667 0.040000 0.058333
13 0.636250 0.922084 0.031250 0.035833
13 0.653125 0.662917 0.028750 0.037500
13 0.656250 0.742083 0.032500 0.037500
13 0.669375 0.836250 0.037500 0.029166
13 0.671875 0.673334 0.027500 0.058333
13 0.685000 0.731666 0.032500 0.051667
