15 0.638125 0.476459 0.237500 0.209039
15 0.172813 0.337100 0.145625 0.327684
15 0.215000 0.496704 0.061250 0.113936
15 0.342500 0.424671 0.208750 0.299435
15 0.346562 0.280132 0.183125 0.136535
15 0.363750 0.201978 0.117500 0.085687
15 0.455312 0.166196 0.173125 0.144068
15 0.490313 0.494351 0.181875 0.199623
15 0.531250 0.310735 0.151250 0.163841
15 0.583438 0.218456 0.109375 0.160075
15 0.631875 0.160546 0.147500 0.202448
15 0.643125 0.358287 0.158750 0.127119
15 0.717812 0.282957 0.116875 0.123352
15 0.781250 0.456685 0.158750 0.224105
15 0.864062 0.390301 0.126875 0.176083
