12 0.794269 0.398750 0.180143 0.132500
12 0.201125 0.341562 0.087001 0.063125
12 0.210337 0.483750 0.072671 0.065000
12 0.272262 0.405312 0.174002 0.133125
12 0.311668 0.520625 0.162743 0.121250
12 0.300409 0.259375 0.072671 0.066250
12 0.433470 0.317500 0.170932 0.097500
12 0.433470 0.198437 0.164790 0.133125
12 0.455476 0.057813 0.063460 0.059375
12 0.535312 0.109063 0.083930 0.080625
12 0.648413 0.297500 0.187309 0.088750
12 0.773285 0.565000 0.172979 0.073750
12 0.754862 0.500000 0.125896 0.083750
12 0.835722 0.299375 0.164790 0.116250
12 0.921187 0.422187 0.106448 0.109375
12 0.943705 0.282500 0.083930 0.116250
