1 0.311000 0.664000 0.094000 0.128000
1 0.250000 0.782667 0.112000 0.136000
1 0.363000 0.770667 0.098000 0.138667
1 0.134651 0.767529 0.095764 0.131181
1 0.212843 0.672210 0.098000 0.128000
1 0.166000 0.578667 0.108000 0.154667
1 0.377476 0.571673 0.095510 0.118117
1 0.274381 0.553893 0.086853 0.111690
1 0.518029 0.577461 0.079166 0.093246
1 0.538781 0.685053 0.089927 0.123987
1 0.478062 0.756780 0.097613 0.109641
1 0.438094 0.656874 0.097613 0.110666
1 0.689428 0.391481 0.088390 0.102468
1 0.831236 0.399678 0.090696 0.094271
1 0.762830 0.472431 0.073786 0.110666
1 0.870051 0.494974 0.089927 0.112715
1 0.701342 0.541085 0.092233 0.102468
1 0.800492 0.637405 0.086084 0.120913
1 0.897721 0.621522 0.099150 0.142431
1 0.717482 0.651750 0.092233 0.129110
1 0.727859 0.775225 0.100687 0.144480
1 0.832005 0.768564 0.089158 0.139357
1 0.920779 0.769077 0.085315 0.123987
