11 0.064062 0.498125 0.128125 0.185000
11 0.077187 0.455625 0.109375 0.191250
11 0.134375 0.428125 0.103750 0.171250
11 0.262500 0.470937 0.087500 0.156875
11 0.292500 0.779375 0.112500 0.135000
11 0.365000 0.318750 0.217500 0.502500
11 0.353750 0.629687 0.126250 0.221875
11 0.340938 0.430000 0.073125 0.116250
11 0.383750 0.808125 0.060000 0.066250
11 0.454063 0.733750 0.076875 0.088750
11 0.464062 0.581875 0.086875 0.136250
11 0.497500 0.475000 0.088750 0.145000
11 0.518750 0.750312 0.050000 0.066875
11 0.730625 0.897813 0.138750 0.174375
11 0.771563 0.614375 0.108125 0.256250
11 0.852500 0.523750 0.153750 0.451250
11 0.863750 0.920938 0.103750 0.138125
11 0.938125 0.910000 0.088750 0.143750
