5 0.449219 0.350911 0.199219 0.269531
5 0.281250 0.494792 0.203125 0.250000
5 0.122070 0.646484 0.181641 0.251302
5 0.307617 0.721354 0.177734 0.239583
5 0.161133 0.876302 0.201172 0.242188
5 0.448242 0.583984 0.166016 0.204427
5 0.601562 0.637370 0.152344 0.196615
5 0.469727 0.785807 0.146484 0.207031
5 0.612305 0.837891 0.142578 0.196615
5 0.736328 0.736328 0.152344 0.212240
5 0.867188 0.648438 0.160156 0.255208
5 0.812500 0.901693 0.160156 0.188802
5 0.923828 0.867839 0.152344 0.225260
5 0.722656 0.529297 0.187500 0.204427
5 0.579102 0.459635 0.126953 0.195312
5 0.851562 0.406250 0.160156 0.192708
5 0.632812 0.293620 0.152344 0.201823
5 0.559570 0.164714 0.166016 0.178385
5 0.308594 0.268229 0.167969 0.203125
5 0.403320 0.171875 0.134766 0.140625
5 0.809570 0.231771 0.158203 0.208333
5 0.715820 0.154948 0.142578 0.190104