11 0.208125 0.118334 0.122500 0.198333
11 0.174375 0.534167 0.032500 0.116667
11 0.235312 0.682500 0.130625 0.093334
11 0.236875 0.634167 0.121250 0.090000
11 0.234687 0.533333 0.103125 0.095000
11 0.211875 0.345000 0.037500 0.061666
11 0.251250 0.445417 0.113750 0.125833
11 0.251875 0.345000 0.063750 0.061666
11 0.262188 0.313750 0.063125 0.069166
11 0.268125 0.580833 0.067500 0.045000
11 0.303750 0.536250 0.042500 0.082500
11 0.474688 0.376667 0.248125 0.256667
11 0.436562 0.680834 0.133125 0.113333
11 0.409375 0.560833 0.073750 0.143333
11 0.437188 0.552500 0.105625 0.101666
11 0.439063 0.915000 0.091875 0.135000
11 0.440625 0.482500 0.047500 0.048334
11 0.463125 0.886250 0.060000 0.077500
11 0.481875 0.636250 0.081250 0.082500
11 0.519375 0.883750 0.122500 0.185834
11 0.481875 0.525000 0.037500 0.060000
11 0.510313 0.859167 0.089375 0.095000
11 0.521250 0.695417 0.077500 0.084167
11 0.563125 0.575416 0.143750 0.124167
11 0.596875 0.475000 0.105000 0.105000
11 0.605000 0.334583 0.121250 0.117500
11 0.655000 0.677917 0.091250 0.125833
11 0.660625 0.487917 0.077500 0.095833
11 0.704063 0.351667 0.161875 0.145000
11 0.682188 0.512916 0.094375 0.119167
11 0.704688 0.590000 0.061875 0.098334
11 0.766563 0.453333 0.136875 0.175000
11 0.755625 0.292500 0.083750 0.156666
