7 0.030762 0.699271 0.061523 0.070073
7 0.045899 0.938686 0.091797 0.105110
7 0.096680 0.663504 0.166016 0.089051
7 0.124023 0.782481 0.087891 0.113869
7 0.232910 0.948175 0.100586 0.100730
7 0.282227 0.614598 0.156250 0.081751
7 0.321777 0.732846 0.182617 0.131387
7 0.397461 0.419708 0.144532 0.094890
7 0.441894 0.948905 0.176757 0.075912
7 0.443359 0.631386 0.117187 0.071533
7 0.413574 0.703649 0.041992 0.093431
7 0.495606 0.444526 0.071289 0.138687
7 0.561523 0.848905 0.080078 0.106570
7 0.572754 0.681752 0.094726 0.099270
7 0.677735 0.759854 0.072265 0.173722
7 0.712402 0.651095 0.083008 0.119708
