1 0.802105 0.810526 0.132632 0.152982
1 0.806316 0.622456 0.115789 0.150175
1 0.575789 0.621053 0.107368 0.133333
1 0.557895 0.426667 0.111579 0.112281
1 0.376842 0.424561 0.113684 0.105263
1 0.747895 0.245614 0.102105 0.112281
1 0.787368 0.435789 0.098947 0.138947
1 0.373158 0.640000 0.110526 0.134737
1 0.575263 0.840702 0.163158 0.185263
1 0.341053 0.837895 0.149474 0.168421
1 0.138947 0.805614 0.124211 0.157193
1 0.545789 0.242105 0.095789 0.116491
1 0.370526 0.231579 0.088421 0.123509
1 0.197895 0.235789 0.092632 0.126316
1 0.184211 0.398596 0.120000 0.126316
1 0.144211 0.566316 0.124211 0.130526
