9 0.348750 0.580556 0.052500 0.101111
9 0.353125 0.455000 0.056250 0.132222
9 0.373437 0.357222 0.025625 0.101111
9 0.373437 0.666667 0.020625 0.100000
9 0.402187 0.396111 0.075625 0.150000
9 0.394687 0.258333 0.055625 0.121111
9 0.436250 0.194444 0.043750 0.082223
9 0.450625 0.823334 0.058750 0.164445
9 0.448125 0.295000 0.046250 0.110000
9 0.477500 0.631667 0.092500 0.136667
9 0.509375 0.185556 0.061250 0.100000
9 0.541563 0.758889 0.089375 0.166666
9 0.534375 0.302778 0.035000 0.061111
9 0.572813 0.634445 0.070625 0.142223
9 0.580937 0.195000 0.071875 0.127778
9 0.586875 0.816667 0.083750 0.142222
9 0.590625 0.393334 0.065000 0.086667
9 0.629375 0.275556 0.050000 0.066667
9 0.651563 0.737778 0.079375 0.166667
9 0.664062 0.377777 0.075625 0.193333
9 0.670937 0.637777 0.066875 0.111111
9 0.683437 0.522778 0.071875 0.136667
