15 0.236875 0.483517 0.100000 0.186813
15 0.162500 0.324176 0.046250 0.101648
15 0.203750 0.379120 0.048750 0.120879
15 0.210000 0.207418 0.043750 0.065934
15 0.274688 0.270605 0.044375 0.085165
15 0.340000 0.514423 0.057500 0.127748
15 0.370625 0.217033 0.055000 0.134616
15 0.392500 0.370879 0.050000 0.104396
15 0.693125 0.638049 0.105000 0.188187
15 0.706250 0.507555 0.111250 0.157967
15 0.703125 0.368132 0.102500 0.148352
15 0.796250 0.664835 0.106250 0.219780
15 0.800625 0.377747 0.102500 0.162088
15 0.808750 0.517170 0.108750 0.149725
