9 0.047152 0.348750 0.094304 0.101250
9 0.091970 0.457500 0.183940 0.126250
9 0.097105 0.065938 0.194211 0.068125
9 0.153128 0.590625 0.306256 0.126250
9 0.224556 0.173750 0.408029 0.120000
9 0.282913 0.774062 0.423903 0.230625
9 0.304856 0.255937 0.467787 0.146875
9 0.391690 0.908438 0.538748 0.181875
9 0.446312 0.351562 0.464986 0.146875
9 0.336601 0.023750 0.213819 0.047500
9 0.534547 0.475312 0.477124 0.165625
9 0.622783 0.079062 0.397759 0.128125
9 0.722222 0.635000 0.484594 0.215000
9 0.747432 0.172188 0.413632 0.123125
9 0.799253 0.783438 0.399626 0.239375
9 0.666199 0.985312 0.086835 0.028125
9 0.833800 0.260000 0.330532 0.135000
9 0.869281 0.937500 0.259570 0.123750
9 0.884687 0.373750 0.228758 0.130000
