9 0.019584 0.723125 0.039167 0.153750
9 0.037917 0.290313 0.075833 0.319375
9 0.115417 0.375625 0.065833 0.111250
9 0.150834 0.133437 0.123333 0.266875
9 0.188334 0.975000 0.056667 0.048750
9 0.357917 0.629063 0.054167 0.030625
9 0.407084 0.079063 0.065833 0.085625
9 0.482917 0.750625 0.040833 0.177500
9 0.622916 0.607813 0.289167 0.593125
9 0.687917 0.686562 0.042500 0.058125
9 0.771667 0.051562 0.093333 0.103125
9 0.821250 0.533750 0.059166 0.070000
9 0.867083 0.339375 0.057500 0.046250
9 0.884166 0.510313 0.073333 0.183125
9 0.900000 0.956875 0.086666 0.085000
9 0.911250 0.291875 0.034166 0.022500
9 0.929583 0.667188 0.047500 0.114375
9 0.977500 0.334062 0.043334 0.073125
