11 0.582311 0.563750 0.236427 0.150000
11 0.010507 0.590000 0.017513 0.020000
11 0.088441 0.851250 0.096322 0.056250
11 0.095446 0.580625 0.024519 0.018750
11 0.105954 0.595313 0.026269 0.016875
11 0.107268 0.559062 0.028896 0.020625
11 0.165061 0.686250 0.076182 0.051250
11 0.194834 0.595313 0.041156 0.020625
11 0.206655 0.575625 0.021016 0.022500
11 0.687828 0.636562 0.055167 0.034375
11 0.711909 0.704062 0.078810 0.049375
11 0.763135 0.627188 0.056918 0.053125
11 0.766637 0.603438 0.049913 0.021875
11 0.796847 0.571250 0.019265 0.020000
11 0.802977 0.544687 0.026270 0.011875
11 0.821804 0.550938 0.021892 0.020625
11 0.835376 0.558437 0.019265 0.011875
11 0.844571 0.528750 0.023642 0.013750
11 0.855079 0.557500 0.016638 0.017500
11 0.891419 0.764687 0.084063 0.054375
11 0.863836 0.528437 0.018389 0.010625
11 0.892294 0.526875 0.019264 0.013750
11 0.932137 0.610000 0.060421 0.042500
11 0.923380 0.533750 0.023642 0.013750
11 0.936515 0.579375 0.035902 0.017500
11 0.941769 0.527813 0.021892 0.015625
11 0.947898 0.560625 0.028897 0.022500
11 0.971542 0.972500 0.053415 0.053750
11 0.972417 0.527812 0.035902 0.021875
11 0.981611 0.554688 0.035026 0.024375
