9 0.666875 0.446060 0.090000 0.081614
9 0.087500 0.068950 0.172500 0.137899
9 0.335625 0.577392 0.653750 0.813321
9 0.634688 0.098499 0.060625 0.063790
9 0.657500 0.712476 0.045000 0.049719
9 0.703125 0.869137 0.038750 0.032833
9 0.710938 0.923546 0.028125 0.029080
9 0.823750 0.674015 0.205000 0.254222
9 0.815938 0.889775 0.038125 0.034709
9 0.848750 0.443246 0.093750 0.057223
9 0.914375 0.056754 0.105000 0.053471
9 0.912500 0.516417 0.052500 0.045967
9 0.952500 0.373358 0.062500 0.067542
9 0.947813 0.261726 0.040625 0.020638
