15 0.198437 0.681430 0.023125 0.037354
15 0.199687 0.735325 0.023125 0.053361
15 0.202187 0.800961 0.025625 0.043757
15 0.212500 0.641943 0.031250 0.045891
15 0.209063 0.750800 0.021875 0.048025
15 0.228437 0.800961 0.029375 0.048025
15 0.246563 0.636606 0.029375 0.048026
15 0.255938 0.775881 0.030625 0.046959
15 0.271562 0.637674 0.020625 0.045891
15 0.283438 0.798826 0.026875 0.043756
15 0.287187 0.758271 0.026875 0.062967
15 0.293438 0.679296 0.025625 0.054429
15 0.300312 0.654749 0.024375 0.026681
