5 0.419922 0.577881 0.167969 0.206543
5 0.556641 0.661377 0.171875 0.250488
5 0.241211 0.768311 0.169922 0.241699
5 0.402344 0.800537 0.152344 0.224121
5 0.610352 0.358154 0.162109 0.265137
5 0.791992 0.359619 0.166016 0.338379
5 0.917969 0.863525 0.164063 0.268066
5 0.890625 0.141357 0.167969 0.235840
5 0.687500 0.167725 0.179687 0.200684
5 0.503906 0.199951 0.132813 0.200684
5 0.212891 0.394775 0.191406 0.285645
5 0.361328 0.237305 0.144531 0.222656
5 0.445312 0.383057 0.136719 0.180176
5 0.100586 0.702393 0.189453 0.197754
5 0.223633 0.138428 0.154297 0.218262
5 0.056641 0.393311 0.113281 0.323730
5 0.703125 0.746338 0.167969 0.227051
5 0.880859 0.539795 0.175781 0.188965
5 0.714844 0.528076 0.152344 0.188965
5 0.605957 0.888428 0.213867 0.218262
5 0.937500 0.359619 0.125000 0.244629