15 0.391742 0.678788 0.054381 0.121212
15 0.042799 0.422727 0.085599 0.081818
15 0.074018 0.311364 0.148036 0.140909
15 0.170191 0.453788 0.128902 0.113636
15 0.239678 0.327273 0.120846 0.093939
15 0.323263 0.656818 0.074522 0.134848
15 0.347936 0.583333 0.073515 0.081818
15 0.369587 0.635606 0.052366 0.101516
15 0.403323 0.507576 0.087613 0.081818
15 0.417422 0.555303 0.075528 0.053030
15 0.434542 0.637121 0.051360 0.146970
15 0.480866 0.520454 0.057402 0.107575
15 0.484894 0.630303 0.053374 0.139394
15 0.531722 0.591666 0.044310 0.140909
15 0.554885 0.519697 0.056395 0.069697
15 0.586606 0.583333 0.055388 0.075757
15 0.849446 0.220454 0.299094 0.183333
