10 0.221701 0.404473 0.089431 0.111448
10 0.347092 0.632297 0.085054 0.113722
10 0.361788 0.807430 0.089431 0.103108
10 0.338336 0.227824 0.033771 0.097802
10 0.433395 0.239954 0.110069 0.132677
10 0.461852 0.408264 0.093183 0.097802
10 0.450594 0.866565 0.068168 0.077331
10 0.465291 0.735406 0.063790 0.081880
10 0.512508 0.550417 0.116948 0.098560
10 0.699500 0.151251 0.059412 0.072024
10 0.762351 0.125094 0.053783 0.077331
10 0.883051 0.567096 0.075047 0.068233
10 0.906504 0.386656 0.061914 0.068233
