11 0.472656 0.638889 0.541667 0.493056
11 0.008464 0.263889 0.016927 0.027778
11 0.049479 0.261285 0.031250 0.043403
11 0.053385 0.221355 0.020833 0.019097
11 0.067708 0.212674 0.023437 0.022569
11 0.126953 0.630208 0.131510 0.166667
11 0.073568 0.164062 0.019531 0.026041
11 0.084635 0.241319 0.031250 0.041667
11 0.105469 0.158854 0.020833 0.022570
11 0.184245 0.536458 0.092448 0.142361
11 0.531250 0.159722 0.049480 0.027778
11 0.667318 0.343750 0.110677 0.086806
11 0.694661 0.399306 0.074219 0.065973
11 0.694010 0.126736 0.015625 0.027778
11 0.711589 0.158854 0.032553 0.036458
11 0.897786 0.145834 0.201823 0.135417
