11 0.203236 0.493125 0.138122 0.208750
11 0.223756 0.076563 0.166535 0.153125
11 0.236780 0.649375 0.071034 0.090000
11 0.284135 0.466563 0.157853 0.193125
11 0.267956 0.283750 0.116022 0.141250
11 0.266772 0.721875 0.075770 0.085000
11 0.291633 0.614375 0.125493 0.126250
11 0.358722 0.679063 0.155485 0.160625
11 0.360695 0.553750 0.107341 0.101250
11 0.409234 0.270000 0.187056 0.223750
11 0.411602 0.072188 0.114444 0.144375
11 0.436464 0.499062 0.164168 0.240625
11 0.451460 0.782813 0.129440 0.193125
11 0.528808 0.740000 0.206788 0.111250
11 0.501184 0.381250 0.146804 0.138750
11 0.503157 0.626250 0.120758 0.153750
11 0.571034 0.495625 0.139700 0.138750
11 0.588397 0.150625 0.136543 0.135000
11 0.623125 0.289687 0.144435 0.235625
11 0.608919 0.814375 0.103394 0.130000
11 0.627072 0.945937 0.084452 0.106875
11 0.683110 0.427187 0.131807 0.196875
11 0.714680 0.698125 0.068666 0.068750
11 0.743883 0.286250 0.109708 0.150000
11 0.761247 0.526250 0.114444 0.158750
11 0.786898 0.733750 0.105762 0.102500
11 0.816101 0.388750 0.094712 0.126250
11 0.816101 0.481875 0.082084 0.103750
11 0.831097 0.294063 0.082084 0.056875
11 0.880821 0.440312 0.077348 0.044375
