15 0.084375 0.167449 0.168750 0.271107
15 0.151875 0.815666 0.303750 0.366792
15 0.280938 0.542683 0.478125 0.513134
15 0.124688 0.261726 0.029375 0.052533
15 0.140625 0.369137 0.056250 0.124766
15 0.160000 0.236867 0.033750 0.047842
15 0.200937 0.310037 0.059375 0.102251
15 0.221250 0.183865 0.048750 0.099437
15 0.267500 0.193715 0.048750 0.107880
15 0.255938 0.272514 0.020625 0.038462
15 0.304688 0.098030 0.061875 0.117260
15 0.301563 0.181520 0.021875 0.042214
15 0.404063 0.190432 0.173125 0.206379
15 0.341875 0.162758 0.022500 0.038462
15 0.355938 0.118668 0.025625 0.038462
15 0.521250 0.197467 0.100000 0.096623
15 0.503437 0.058631 0.030625 0.049719
15 0.538750 0.064728 0.042500 0.065666
15 0.561562 0.096154 0.034375 0.021576
15 0.580937 0.486867 0.060625 0.090056
15 0.575313 0.072233 0.025625 0.022514
15 0.621250 0.508912 0.058750 0.042214
15 0.632188 0.403846 0.036875 0.106004
15 0.667188 0.485928 0.079375 0.091933
15 0.800625 0.398218 0.143750 0.121013
