6 0.009548 0.822917 0.019097 0.028646
6 0.499132 0.398438 0.998264 0.796875
6 0.059028 0.851562 0.034722 0.023437
6 0.078125 0.826172 0.045138 0.014323
6 0.125868 0.848958 0.036458 0.018229
6 0.148438 0.876953 0.029513 0.016927
6 0.166667 0.823568 0.034722 0.016927
6 0.166666 0.807292 0.020833 0.010417
6 0.207465 0.818360 0.019097 0.027343
6 0.236980 0.832032 0.015625 0.013021
6 0.242188 0.848958 0.019097 0.020833
6 0.260417 0.902344 0.034722 0.036458
6 0.282118 0.808593 0.032986 0.013021
6 0.324653 0.810547 0.031250 0.024740
6 0.372396 0.873698 0.029514 0.018229
6 0.368924 0.319661 0.019097 0.042969
6 0.466145 0.932943 0.015625 0.037761
6 0.578993 0.953776 0.008680 0.029948
6 0.605035 0.852214 0.019097 0.045573
6 0.796007 0.845052 0.015625 0.015625
6 0.796875 0.805990 0.017362 0.007813
6 0.817708 0.976562 0.027778 0.020833
6 0.876737 0.867188 0.013889 0.015625
6 0.918403 0.899740 0.027778 0.028645
