7 0.356563 0.484167 0.270625 0.265000
7 0.063750 0.575834 0.127500 0.098333
7 0.071563 0.792084 0.143125 0.134167
7 0.021563 0.264167 0.041875 0.095000
7 0.076563 0.125834 0.086875 0.061667
7 0.085938 0.023334 0.098125 0.046667
7 0.084375 0.339166 0.073750 0.083333
7 0.232813 0.605000 0.358125 0.315000
7 0.100937 0.626667 0.045625 0.051667
7 0.106563 0.197083 0.056875 0.094167
7 0.116562 0.269167 0.053125 0.050000
7 0.185625 0.153750 0.111250 0.070834
7 0.182500 0.725833 0.035000 0.060000
7 0.203750 0.042084 0.048750 0.080833
7 0.207500 0.990417 0.028750 0.017500
7 0.241562 0.396250 0.058125 0.127500
7 0.443438 0.092084 0.450625 0.135833
7 0.252187 0.971250 0.065625 0.047500
7 0.342812 0.765417 0.060625 0.074167
7 0.367500 0.942917 0.075000 0.060833
7 0.382188 0.525833 0.059375 0.040000
7 0.396250 0.026667 0.038750 0.053333
7 0.439375 0.519167 0.068750 0.030000
7 0.435000 0.712917 0.041250 0.069167
7 0.461250 0.905834 0.083750 0.058333
7 0.432812 0.922917 0.024375 0.037500
7 0.466563 0.240000 0.084375 0.143334
7 0.537500 0.828333 0.187500 0.120000
7 0.584688 0.475000 0.216875 0.200000
7 0.580937 0.607917 0.069375 0.030833
7 0.612500 0.694167 0.032500 0.061667
7 0.640937 0.959167 0.053125 0.080000
7 0.721250 0.400000 0.197500 0.053334
7 0.694375 0.940834 0.111250 0.043333
7 0.770625 0.910000 0.196250 0.166666
7 0.728125 0.320416 0.067500 0.124167
7 0.784687 0.593333 0.098125 0.040000
7 0.786250 0.828334 0.082500 0.048333
7 0.848125 0.504583 0.196250 0.072500
7 0.846875 0.674167 0.162500 0.153333
7 0.871562 0.235833 0.211875 0.075000
7 0.898125 0.042084 0.192500 0.084167
7 0.852812 0.781667 0.084375 0.035000
7 0.899375 0.472083 0.112500 0.030833
7 0.874062 0.333333 0.041875 0.050000
7 0.916875 0.604584 0.072500 0.069167
7 0.963750 0.480416 0.071250 0.044167
7 0.967187 0.311667 0.064375 0.038333
7 0.980625 0.461250 0.037500 0.030834
