9 0.070000 0.303951 0.128000 0.273556
9 0.198000 0.328268 0.072000 0.194529
9 0.262000 0.194529 0.112000 0.170213
9 0.332000 0.244681 0.064000 0.118541
9 0.393000 0.291793 0.062000 0.091185
9 0.406000 0.180851 0.052000 0.136778
9 0.456000 0.313070 0.080000 0.151976
9 0.510000 0.545593 0.060000 0.142857
9 0.531000 0.273556 0.094000 0.164134
9 0.533000 0.524316 0.094000 0.167174
9 0.640000 0.348025 0.104000 0.240121
9 0.697000 0.372341 0.054000 0.155015
9 0.740000 0.506079 0.044000 0.130700
9 0.818000 0.354104 0.144000 0.282675
9 0.815000 0.525836 0.038000 0.091186
