11 0.0234375 0.634375 0.01875 0.00625
11 0.128125 0.6921875 0.05625 0.0296875
11 0.1421875 0.6296875 0.0140625 0.015625
11 0.1890625 0.6828125 0.03125 0.0109375
11 0.2265625 0.653125 0.0421875 0.028125
11 0.2625 0.778125 0.05625 0.0484375
11 0.2859375 0.63125 0.0265625 0.0265625
11 0.3125 0.640625 0.0234375 0.0203125
11 0.3359375 0.6859375 0.05 0.0453125
11 0.34375 0.6578125 0.028125 0.0171875
11 0.4015625 0.703125 0.05625 0.0375
11 0.4125 0.6765625 0.0390625 0.025
11 0.51875 0.7484375 0.065625 0.075
11 0.590625 0.8578125 0.1 0.0671875
11 0.65625 0.6890625 0.046875 0.0234375
11 0.659375 0.7359375 0.0453125 0.0625
11 0.684375 0.6234375 0.0328125 0.0234375
11 0.73125 0.6359375 0.03125 0.0234375
11 0.7625 0.775 0.05625 0.040625
11 0.7671875 0.640625 0.0328125 0.021875
11 0.784375 0.703125 0.065625 0.028125
11 0.8640625 0.6203125 0.0171875 0.009375
11 0.978125 0.625 0.009375 0.015625