3 0.261719 0.094531 0.151563 0.051562
3 0.284375 0.475000 0.143750 0.181250
3 0.253906 0.228125 0.045313 0.053125
3 0.335156 0.360938 0.148437 0.125000
3 0.303906 0.215625 0.042187 0.046875
3 0.330469 0.969532 0.092188 0.057813
3 0.334375 0.188281 0.040625 0.045313
3 0.347656 0.139844 0.048437 0.057813
3 0.414062 0.989063 0.053125 0.018750
3 0.623437 0.147656 0.087501 0.092188
3 0.655469 0.626563 0.145313 0.162499
3 0.671875 0.485156 0.103124 0.135937
3 0.683593 0.028126 0.048437 0.053125
3 0.778126 0.637499 0.153125 0.178125
3 0.722657 0.029688 0.039063 0.050000
