7 0.519688 0.430000 0.173125 0.090000
7 0.693125 0.125417 0.077500 0.030833
7 0.725313 0.160417 0.064375 0.025833
7 0.735313 0.189583 0.059375 0.029167
7 0.745313 0.204167 0.063125 0.041667
7 0.774062 0.245417 0.051875 0.024167
7 0.776563 0.229584 0.056875 0.019167
7 0.795000 0.281250 0.041250 0.019166
7 0.807187 0.251667 0.063125 0.033333
7 0.809062 0.352917 0.066875 0.025833
7 0.832187 0.307500 0.059375 0.045000
7 0.832187 0.416250 0.056875 0.027500
7 0.835000 0.281250 0.046250 0.029166
7 0.836250 0.372084 0.048750 0.039167
7 0.862187 0.379167 0.059375 0.021667
7 0.871250 0.478334 0.033750 0.006667
7 0.879375 0.350417 0.047500 0.020833
7 0.886563 0.313750 0.061875 0.032500
7 0.879375 0.417917 0.032500 0.024167
7 0.890938 0.382500 0.055625 0.015000
7 0.885938 0.465000 0.043125 0.008334
7 0.895625 0.270417 0.062500 0.032500
7 0.897500 0.417083 0.047500 0.022500
7 0.908750 0.437917 0.043750 0.022500
7 0.944688 0.355000 0.064375 0.018334
