6 0.488125 0.582551 0.198750 0.279549
6 0.033125 0.592402 0.066250 0.177299
6 0.037500 0.457786 0.075000 0.168856
6 0.045312 0.788462 0.090625 0.211069
6 0.115937 0.704034 0.123125 0.177298
6 0.164062 0.924484 0.116875 0.149156
6 0.239687 0.684333 0.124375 0.184803
6 0.406875 0.346154 0.082500 0.131332
6 0.444062 0.434803 0.071875 0.060976
6 0.505312 0.193246 0.181875 0.170732
6 0.522813 0.312852 0.190625 0.274859
6 0.683750 0.378518 0.190000 0.272983
6 0.704063 0.629925 0.179375 0.267354
6 0.750312 0.479831 0.061875 0.113508
6 0.933750 0.462477 0.100000 0.133209
6 0.932187 0.368199 0.076875 0.066604
6 0.970000 0.598968 0.050000 0.132270
6 0.989375 0.463415 0.020000 0.172608
