11 0.057871 0.917592 0.113889 0.107407
11 0.056018 0.412037 0.093519 0.055556
11 0.091204 0.313426 0.099074 0.134260
11 0.087963 0.992592 0.050000 0.012963
11 0.148148 0.562037 0.101852 0.096296
11 0.161111 0.685648 0.107408 0.123148
11 0.225463 0.962037 0.089814 0.074074
11 0.248611 0.787500 0.087963 0.091666
11 0.278241 0.368055 0.091667 0.112037
11 0.339352 0.584259 0.082408 0.103704
11 0.352314 0.218981 0.087963 0.112037
11 0.449074 0.490741 0.098148 0.077778
11 0.480092 0.308796 0.080555 0.071296
11 0.539814 0.633333 0.087037 0.107407
11 0.548148 0.430556 0.083334 0.100000
11 0.578704 0.927778 0.088889 0.105556
11 0.604629 0.723611 0.081481 0.063889
11 0.655555 0.975926 0.072223 0.046296
11 0.862963 0.977777 0.127778 0.042593
11 0.962037 0.934259 0.074074 0.129630
