12 0.041875 0.507917 0.078750 0.135833
12 0.069062 0.594584 0.060625 0.069167
12 0.129062 0.703750 0.136875 0.180834
12 0.125000 0.526666 0.115000 0.176667
12 0.130000 0.851250 0.083750 0.110834
12 0.212500 0.821667 0.122500 0.155000
12 0.204063 0.655833 0.088125 0.170000
12 0.732500 0.168333 0.090000 0.153333
12 0.784688 0.082500 0.096875 0.088334
12 0.841562 0.181250 0.123125 0.192500
12 0.830625 0.444167 0.090000 0.150000
12 0.869375 0.589583 0.113750 0.147500
12 0.898438 0.363750 0.104375 0.185834
12 0.904375 0.489583 0.067500 0.092500
