8 0.119062 0.346667 0.016875 0.020000
8 0.124688 0.470416 0.018125 0.024167
8 0.237812 0.371667 0.021875 0.018333
8 0.254688 0.334584 0.014375 0.024167
8 0.272813 0.436250 0.016875 0.024166
8 0.352187 0.441250 0.020625 0.024166
8 0.365000 0.487083 0.012500 0.012500
8 0.401562 0.316667 0.019375 0.018333
8 0.410938 0.470000 0.011875 0.015000
8 0.425938 0.314584 0.018125 0.019167
8 0.453437 0.319167 0.019375 0.031667
8 0.457188 0.009584 0.024375 0.019167
8 0.459375 0.485417 0.015000 0.015833
8 0.482500 0.337083 0.026250 0.022500
8 0.489063 0.008750 0.023125 0.017500
8 0.490312 0.317500 0.025625 0.031666
8 0.492188 0.532084 0.011875 0.015833
8 0.504687 0.042917 0.020625 0.032500
8 0.530312 0.425000 0.023125 0.033334
8 0.568437 0.277917 0.021875 0.034167
8 0.579688 0.395000 0.018125 0.031666
8 0.590938 0.284583 0.025625 0.034167
8 0.611563 0.467084 0.023125 0.030833
8 0.676875 0.441667 0.030000 0.041667
8 0.714375 0.415000 0.032500 0.046666
8 0.759062 0.093750 0.018125 0.024166
8 0.800313 0.023750 0.013125 0.019166
8 0.879063 0.443334 0.023125 0.041667
8 0.902812 0.060000 0.024375 0.021666
8 0.904687 0.101250 0.020625 0.025834
8 0.930937 0.079584 0.020625 0.034167
8 0.952188 0.071250 0.019375 0.024166
8 0.969063 0.386250 0.011875 0.027500
