9 0.392500 0.509583 0.352500 0.290833
9 0.393437 0.950416 0.025625 0.035833
9 0.419688 0.928750 0.021875 0.030834
9 0.447500 0.936250 0.036250 0.035834
9 0.446875 0.978750 0.027500 0.040834
9 0.497188 0.663334 0.081875 0.106667
9 0.482188 0.880417 0.025625 0.034167
9 0.506250 0.861667 0.030000 0.041667
9 0.555937 0.650833 0.049375 0.050000
9 0.567812 0.590417 0.061875 0.090833
9 0.581250 0.517084 0.052500 0.079167
9 0.599375 0.628750 0.032500 0.072500
9 0.616250 0.547084 0.032500 0.080833
9 0.661250 0.580000 0.027500 0.053334
