6 0.654514 0.654948 0.135416 0.075520
6 0.070312 0.524740 0.043403 0.018229
6 0.120660 0.500651 0.036458 0.024740
6 0.324653 0.548828 0.034722 0.024740
6 0.340278 0.635417 0.027778 0.026042
6 0.443576 0.578125 0.046875 0.018230
6 0.520833 0.613932 0.034722 0.022135
6 0.700520 0.346355 0.019097 0.015625
6 0.731770 0.638672 0.043403 0.016927
6 0.753473 0.364584 0.041667 0.018229
6 0.804688 0.580078 0.053819 0.016927
6 0.815972 0.424479 0.059028 0.023438
6 0.901042 0.567708 0.052083 0.033854
6 0.964410 0.627605 0.064236 0.018229
6 0.988716 0.557292 0.019097 0.010417
