7 0.820625 0.946666 0.081250 0.106667
7 0.451875 0.693333 0.903750 0.103333
7 0.020625 0.322500 0.018750 0.015000
7 0.041875 0.332500 0.018750 0.005000
7 0.046250 0.355834 0.027500 0.018333
7 0.060625 0.325833 0.023750 0.015000
7 0.061875 0.380833 0.016250 0.025000
7 0.087500 0.706667 0.040000 0.073333
7 0.089375 0.325000 0.013750 0.013334
7 0.130625 0.780000 0.048750 0.066666
7 0.150625 0.855833 0.058750 0.065000
7 0.192500 0.908333 0.022500 0.050000
7 0.590625 0.450833 0.816250 0.275000
7 0.197500 0.937500 0.017500 0.045000
7 0.283125 0.719167 0.021250 0.028333
7 0.290000 0.767500 0.030000 0.055000
7 0.320000 0.615834 0.032500 0.058333
7 0.369375 0.971667 0.033750 0.050000
7 0.450625 0.957500 0.143750 0.081666
7 0.495625 0.954167 0.056250 0.051667
7 0.491250 0.640000 0.025000 0.016666
7 0.496875 0.555000 0.023750 0.026666
7 0.500000 0.524166 0.007500 0.018333
7 0.526250 0.524167 0.015000 0.035000
7 0.574375 0.932500 0.108750 0.105000
7 0.561250 0.613334 0.025000 0.043333
7 0.610000 0.562500 0.040000 0.055000
7 0.672500 0.716666 0.085000 0.073333
7 0.743750 0.617500 0.020000 0.048334
7 0.883750 0.743333 0.037500 0.060000
7 0.948750 0.639167 0.045000 0.051667
