10 0.412289 0.421250 0.107880 0.055000
10 0.011726 0.410313 0.023452 0.039375
10 0.101313 0.535000 0.090056 0.056250
10 0.209193 0.623125 0.063790 0.047500
10 0.209193 0.431562 0.043152 0.030625
10 0.321764 0.308750 0.054409 0.031250
10 0.425422 0.337812 0.045966 0.040625
10 0.511257 0.480312 0.084428 0.035625
10 0.528143 0.622812 0.097561 0.058125
10 0.512664 0.342813 0.051595 0.061875
10 0.542214 0.812813 0.099437 0.054375
10 0.588650 0.276875 0.053471 0.032500
10 0.655254 0.464062 0.059099 0.034375
10 0.743903 0.297500 0.056285 0.028750
10 0.735929 0.395000 0.019700 0.042500
10 0.782364 0.425625 0.041276 0.028750
10 0.911350 0.329062 0.053471 0.030625
