12 0.253125 0.636250 0.103750 0.134166
12 0.013125 0.270000 0.026250 0.068334
12 0.024688 0.205833 0.049375 0.050000
12 0.051875 0.265000 0.041250 0.068334
12 0.064062 0.209167 0.048125 0.050000
12 0.079687 0.262084 0.024375 0.029167
12 0.083438 0.237500 0.031875 0.041666
12 0.246563 0.424167 0.065625 0.083333
12 0.253750 0.560833 0.065000 0.050000
12 0.252500 0.353750 0.051250 0.075834
12 0.290625 0.300000 0.045000 0.045000
12 0.308125 0.599584 0.077500 0.075833
12 0.330000 0.657083 0.085000 0.077500
12 0.350625 0.410417 0.082500 0.085833
12 0.338438 0.357083 0.055625 0.040833
12 0.357187 0.317917 0.088125 0.080833
12 0.400000 0.277083 0.062500 0.075833
12 0.408750 0.450833 0.072500 0.125000
12 0.424687 0.356250 0.093125 0.085834
12 0.427500 0.541250 0.071250 0.059166
12 0.438437 0.472917 0.093125 0.077500
12 0.443438 0.244167 0.055625 0.058333
12 0.463438 0.315833 0.054375 0.081667
12 0.490313 0.415000 0.093125 0.113334
12 0.493750 0.221250 0.088750 0.064166
12 0.505937 0.280000 0.083125 0.108334
12 0.490625 0.555000 0.047500 0.113334
12 0.515000 0.354583 0.062500 0.072500
12 0.532500 0.386250 0.042500 0.080834
12 0.539687 0.215000 0.051875 0.061666
12 0.581563 0.218334 0.084375 0.051667
12 0.562812 0.349167 0.044375 0.110000
12 0.566250 0.535416 0.041250 0.084167
12 0.619375 0.350417 0.080000 0.094167
12 0.639687 0.267917 0.055625 0.077500
12 0.677187 0.280417 0.104375 0.072500
12 0.681250 0.440416 0.108750 0.094167
12 0.670625 0.343333 0.071250 0.070000
12 0.725313 0.391667 0.090625 0.103333
12 0.767188 0.727916 0.104375 0.119167
12 0.737500 0.295833 0.030000 0.040000
12 0.771562 0.342500 0.059375 0.063334
12 0.807188 0.675834 0.099375 0.106667
12 0.811562 0.574166 0.064375 0.103333
12 0.844063 0.614167 0.083125 0.150000
