11 0.041563 0.686739 0.076875 0.052530
11 0.014063 0.505445 0.018125 0.019218
11 0.048125 0.834401 0.086250 0.074952
11 0.059688 0.938180 0.086875 0.083921
11 0.054688 0.564381 0.033125 0.034593
11 0.081250 0.594491 0.040000 0.029468
11 0.105000 0.851697 0.080000 0.089045
11 0.090625 0.510570 0.025000 0.019218
11 0.117500 0.597694 0.035000 0.019218
11 0.110625 0.506406 0.018750 0.013453
11 0.159063 0.559257 0.108125 0.037156
11 0.155625 0.593530 0.035000 0.033953
11 0.201250 0.507367 0.100000 0.025624
11 0.223125 0.604740 0.040000 0.035875
11 0.230625 0.571108 0.025000 0.027546
11 0.254688 0.574631 0.023125 0.020499
11 0.260625 0.548046 0.035000 0.028828
11 0.295625 0.686098 0.065000 0.040999
11 0.305625 0.510570 0.025000 0.021781
11 0.322500 0.597053 0.048750 0.041000
11 0.334062 0.612428 0.041875 0.034594
11 0.366563 0.549647 0.033125 0.025625
11 0.377500 0.585843 0.041250 0.036515
11 0.405000 0.603780 0.046250 0.031390
11 0.458437 0.613389 0.036875 0.022422
11 0.481563 0.728700 0.076875 0.068545
11 0.456563 0.504804 0.023125 0.020499
11 0.475938 0.557655 0.021875 0.027547
11 0.497500 0.563421 0.035000 0.028828
11 0.504063 0.574632 0.028125 0.026906
11 0.517500 0.611467 0.045000 0.032672
11 0.548438 0.708840 0.073125 0.053171
11 0.566563 0.790199 0.076875 0.068545
11 0.555937 0.575592 0.028125 0.028827
11 0.561875 0.555733 0.020000 0.027547
11 0.578438 0.582319 0.036875 0.029468
11 0.578437 0.622678 0.026875 0.030750
11 0.590000 0.560218 0.026250 0.022422
11 0.615938 0.558616 0.031875 0.025625
11 0.680000 0.554773 0.033750 0.025625
11 0.711875 0.699551 0.076250 0.055093
11 0.710938 0.520180 0.018125 0.020499
11 0.735938 0.525304 0.021875 0.020500
11 0.763437 0.571108 0.033125 0.027546
11 0.865938 0.701153 0.078125 0.054452
11 0.897813 0.584881 0.101875 0.075593
11 0.908438 0.521781 0.023125 0.017296
11 0.936875 0.521781 0.020000 0.023702
11 0.963750 0.519219 0.020000 0.018577
11 0.984688 0.603779 0.029375 0.033953
