0 0.11953125 0.48203125 0.1921875 0.2796875
0 0.15078125 0.8109375 0.1921875 0.271875
0 0.16171875 0.13671875 0.1921875 0.2734375
0 0.3171875 0.475 0.2 0.3
0 0.33984375 0.8421875 0.153125 0.2
0 0.35859375 0.16328125 0.1921875 0.2359375
0 0.5203125 0.48203125 0.2 0.2828125
0 0.51796875 0.8265625 0.1796875 0.253125
0 0.53828125 0.16328125 0.1546875 0.2296875
0 0.715625 0.46484375 0.20625 0.3046875
0 0.71328125 0.16328125 0.1609375 0.2515625
0 0.715625 0.84375 0.165625 0.2125
0 0.884375 0.16328125 0.159375 0.2171875
0 0.89921875 0.846875 0.1609375 0.21875
0 0.90859375 0.515625 0.1765625 0.228125