0 0.678125 0.23671875 0.18125 0.1765625
0 0.371875 0.7875 0.19375 0.2
0 0.22265625 0.62890625 0.1828125 0.1859375
0 0.06328125 0.78203125 0.1234375 0.1953125
0 0.065625 0.58984375 0.13125 0.1984375
0 0.35234375 0.9390625 0.2015625 0.121875
0 0.18125 0.4390625 0.215625 0.209375
0 0.49921875 0.159375 0.2046875 0.2
0 0.6109375 0.0578125 0.184375 0.115625
0 0.79609375 0.08671875 0.1890625 0.1734375
0 0.6796875 0.865625 0.171875 0.18125
0 0.86484375 0.90234375 0.2015625 0.1953125
0 0.1984375 0.8921875 0.171875 0.1625
0 0.6875 0.98203125 0.1375 0.0359375
0 0.5328125 0.9328125 0.16875 0.13125