0 0.090625 0.89375 0.15 0.184375
0 0.5 0.5 1 1
0 0.15703125 0.4921875 0.1859375 0.221875
0 0.2 0.24921875 0.1375 0.1703125
0 0.2203125 0.67578125 0.128125 0.1609375
0 0.30625 0.8015625 0.128125 0.171875
0 0.3140625 0.46015625 0.121875 0.1578125
0 0.36953125 0.10625 0.1671875 0.2125
0 0.4046875 0.921875 0.134375 0.15625
0 0.41328125 0.57421875 0.1421875 0.1828125
0 0.4328125 0.3953125 0.134375 0.178125
0 0.44375 0.7578125 0.14375 0.190625
0 0.5359375 0.10234375 0.178125 0.2046875
0 0.56015625 0.89375 0.1609375 0.2125
0 0.578125 0.3078125 0.16875 0.21875
0 0.5515625 0.52578125 0.1125 0.1484375
0 0.625 0.6890625 0.146875 0.18125
0 0.6890625 0.1421875 0.13125 0.171875
0 0.715625 0.54921875 0.121875 0.1640625
0 0.74765625 0.84140625 0.1421875 0.1703125
0 0.74375 0.3265625 0.14375 0.171875
0 0.8484375 0.484375 0.159375 0.178125
0 0.8921875 0.6703125 0.15 0.178125
0 0.91875 0.32109375 0.1625 0.2015625