0 0.11953125 0.48203125 0.1859375 0.2765625
0 0.15078125 0.8109375 0.1859375 0.265625
0 0.1625 0.13671875 0.175 0.2640625
0 0.3171875 0.475 0.203125 0.303125
0 0.33984375 0.8421875 0.1515625 0.196875
0 0.35859375 0.16328125 0.1765625 0.2265625
0 0.5203125 0.48203125 0.178125 0.2703125
0 0.51796875 0.8265625 0.1765625 0.253125
0 0.53828125 0.16328125 0.1640625 0.2328125
0 0.715625 0.46484375 0.203125 0.3046875
0 0.71328125 0.16328125 0.1703125 0.2578125
0 0.715625 0.84375 0.15 0.20625
0 0.884375 0.16328125 0.165625 0.2234375
0 0.89921875 0.846875 0.1640625 0.221875
0 0.90859375 0.515625 0.1578125 0.215625