0 0.678125 0.23671875 0.184375 0.1765625
0 0.371875 0.7875 0.2 0.20625
0 0.22265625 0.62890625 0.1703125 0.1734375
0 0.06328125 0.78203125 0.1265625 0.1984375
0 0.0609375 0.590625 0.121875 0.1875
0 0.3515625 0.93984375 0.2 0.1203125
0 0.18125 0.4390625 0.2125 0.209375
0 0.49921875 0.159375 0.2046875 0.203125
0 0.61171875 0.05703125 0.1828125 0.1140625
0 0.79609375 0.0859375 0.1859375 0.171875
0 0.6796875 0.865625 0.15625 0.16875
0 0.865625 0.9046875 0.1875 0.184375
0 0.1984375 0.8921875 0.16875 0.159375
0 0.68671875 0.9796875 0.1390625 0.040625
0 0.5328125 0.9328125 0.171875 0.134375