0 0.090625 0.89375 0.15625 0.190625
0 0.509375 0.49921875 0.978125 0.9984375
0 0.15703125 0.4921875 0.165625 0.20625
0 0.2 0.24921875 0.14375 0.1734375
0 0.2203125 0.67578125 0.134375 0.1671875
0 0.30625 0.8015625 0.134375 0.175
0 0.3140625 0.46015625 0.11875 0.1546875
0 0.36953125 0.10859375 0.1828125 0.2171875
0 0.40546875 0.92421875 0.1203125 0.1484375
0 0.41328125 0.57421875 0.1328125 0.1765625
0 0.4328125 0.3953125 0.146875 0.1875
0 0.44375 0.7578125 0.125 0.178125
0 0.5359375 0.10625 0.19375 0.2125
0 0.56015625 0.8921875 0.1671875 0.215625
0 0.578125 0.3078125 0.184375 0.23125
0 0.5515625 0.52578125 0.121875 0.1546875
0 0.625 0.6890625 0.146875 0.178125
0 0.6890625 0.1421875 0.125 0.16875
0 0.715625 0.54921875 0.11875 0.1609375
0 0.74765625 0.84140625 0.1484375 0.1734375
0 0.74375 0.3265625 0.1375 0.165625
0 0.8484375 0.484375 0.146875 0.16875
0 0.8921875 0.6703125 0.153125 0.18125
0 0.9171875 0.32109375 0.165625 0.2046875