0 0.014000 0.397860 0.028000 0.067976
0 0.040000 0.291897 0.080000 0.043985
0 0.063000 0.437846 0.126000 0.107962
0 0.159000 0.542809 0.318000 0.177938
0 0.044000 0.321886 0.084000 0.031989
0 0.253000 0.799719 0.450000 0.223922
0 0.134000 0.292897 0.120000 0.089969
0 0.287000 0.987653 0.186000 0.127955
0 0.263000 0.413854 0.098000 0.079972
0 0.361000 0.337881 0.126000 0.095966
0 0.376000 0.406857 0.128000 0.109962
0 0.472000 0.407857 0.100000 0.083970
0 0.490000 0.515818 0.100000 0.131953
0 0.457000 0.194932 0.030000 0.029989
0 0.476000 0.211926 0.028000 0.031989
0 0.581000 0.538810 0.158000 0.129954
0 0.589000 0.379867 0.106000 0.071974
0 0.615000 0.449841 0.150000 0.123957
0 0.599000 0.215924 0.030000 0.035987
0 0.620000 0.241915 0.028000 0.031988
0 0.718000 0.541809 0.140000 0.107962
0 0.865000 0.825710 0.394000 0.263907
0 0.736000 0.463837 0.124000 0.107963
0 0.718000 0.347878 0.068000 0.083971
0 0.864000 0.899683 0.160000 0.123957
0 0.887000 0.470834 0.126000 0.133952
0 0.910000 0.518818 0.068000 0.069975
0 0.999000 0.488828 0.142000 0.129954
