0 0.148000 0.365000 0.088000 0.106000
0 0.200500 0.835000 0.045000 0.038000
0 0.302000 0.381500 0.046000 0.039000
0 0.421000 0.567500 0.052000 0.039000
0 0.502500 0.160500 0.091000 0.097001
0 0.610000 0.149000 0.112000 0.112000
0 0.607000 0.425000 0.068000 0.076000
0 0.678000 0.418500 0.108000 0.097001
0 0.707000 0.229500 0.096000 0.075000
0 0.705000 0.173500 0.070000 0.091000
0 0.711000 0.473000 0.078000 0.070000
0 0.746500 0.677000 0.095000 0.060000
0 0.918500 0.398000 0.097000 0.080000
0 0.981000 0.041500 0.130000 0.083000
0 0.993000 0.119000 0.072000 0.076000
