0 0.389500 0.427000 0.569000 0.222000
0 0.136500 0.802500 0.025001 0.049000
0 0.141000 0.841000 0.022001 0.028000
0 0.373000 0.235500 0.486000 0.189000
0 0.198000 0.093500 0.097999 0.107000
0 0.349500 0.744000 0.346999 0.418000
0 0.468500 0.042000 0.077000 0.050000
0 0.574000 0.718000 0.128000 0.214000
0 0.542500 0.086000 0.011000 0.022000
0 0.643000 0.013000 0.044000 0.026000
0 0.647000 0.114500 0.008000 0.011000
0 0.656500 0.120500 0.011000 0.017000
0 0.668000 0.017000 0.028000 0.022000
0 0.931000 0.700500 0.536000 0.489000
0 0.673500 0.139500 0.010999 0.027000
0 0.687000 0.153000 0.022001 0.016000
0 0.844500 0.198000 0.019001 0.022000
0 0.844500 0.214000 0.019001 0.016000
0 0.879500 0.222000 0.019000 0.022000
0 0.983500 0.289500 0.035000 0.049000
