0 0.11953125 0.48203125 0.1796875 0.2734375
0 0.15078125 0.8109375 0.1921875 0.271875
0 0.1625 0.13671875 0.178125 0.2671875
0 0.3171875 0.475 0.190625 0.296875
0 0.33984375 0.8421875 0.1546875 0.2
0 0.35859375 0.16328125 0.1828125 0.2296875
0 0.5203125 0.48203125 0.19375 0.2796875
0 0.51796875 0.8265625 0.1796875 0.253125
0 0.53828125 0.16328125 0.1703125 0.2359375
0 0.715625 0.46484375 0.2 0.3015625
0 0.71328125 0.16328125 0.1578125 0.2515625
0 0.715625 0.84375 0.153125 0.20625
0 0.884375 0.16328125 0.165625 0.2234375
0 0.89921875 0.846875 0.1640625 0.221875
0 0.90859375 0.515625 0.1546875 0.215625