7 0.630938 0.670833 0.078125 0.113333
7 0.028750 0.928750 0.057500 0.080834
7 0.037187 0.797500 0.074375 0.096666
7 0.088125 0.702500 0.052500 0.035000
7 0.119687 0.743333 0.093125 0.050000
7 0.102500 0.612917 0.042500 0.040833
7 0.135937 0.691250 0.050625 0.029166
7 0.172812 0.595833 0.028125 0.055000
7 0.192812 0.752500 0.045625 0.031666
7 0.206875 0.683333 0.032500 0.045000
7 0.225000 0.842083 0.045000 0.024167
7 0.226250 0.476666 0.035000 0.051667
7 0.240000 0.550417 0.033750 0.032500
7 0.283750 0.618333 0.082500 0.110000
7 0.341875 0.540417 0.108750 0.082500
7 0.355313 0.482917 0.055625 0.025833
7 0.359063 0.675000 0.058125 0.035000
7 0.384688 0.827083 0.056875 0.029167
7 0.400625 0.959166 0.063750 0.031667
7 0.404062 0.886667 0.061875 0.038333
7 0.407500 0.792917 0.038750 0.019167
7 0.420625 0.624167 0.043750 0.040000
7 0.457500 0.666250 0.061250 0.024166
7 0.469063 0.754167 0.058125 0.035000
7 0.475625 0.723333 0.042500 0.035000
7 0.492188 0.852500 0.060625 0.045000
7 0.525312 0.582917 0.046875 0.042500
7 0.572500 0.763750 0.066250 0.060834
7 0.610625 0.883333 0.067500 0.038333
7 0.896875 0.680000 0.076250 0.090000
