13 0.309688 0.537851 0.041875 0.038317
13 0.318750 0.789720 0.021250 0.056075
13 0.344375 0.886448 0.018750 0.019627
13 0.346250 0.597196 0.012500 0.018692
13 0.346250 0.906542 0.010000 0.020560
13 0.355938 0.600934 0.021875 0.018691
13 0.360313 0.906542 0.013125 0.016822
13 0.366875 0.888318 0.015000 0.019626
13 0.375000 0.903739 0.013750 0.018691
13 0.398438 0.898131 0.024375 0.054206
13 0.450937 0.855140 0.024375 0.028038
13 0.455937 0.618224 0.021875 0.034579
13 0.481250 0.534112 0.060000 0.045794
13 0.542188 0.828037 0.025625 0.059813
13 0.576250 0.837851 0.013750 0.040187
13 0.749687 0.706074 0.020625 0.049533
13 0.782500 0.826168 0.030000 0.052336
13 0.825313 0.862617 0.033125 0.059813
13 0.884688 0.807944 0.025625 0.042056
13 0.945312 0.843458 0.026875 0.051402
