13 0.020000 0.075712 0.040000 0.151424
13 0.189000 0.631934 0.182000 0.313344
13 0.280000 0.371065 0.200000 0.259371
13 0.430500 0.047976 0.113000 0.095952
13 0.472500 0.275862 0.179000 0.302848
13 0.596000 0.279610 0.134000 0.316342
13 0.636000 0.060720 0.176000 0.121439
13 0.682500 0.397302 0.155000 0.284857
13 0.732500 0.981260 0.125000 0.034483
13 0.772000 0.622189 0.200000 0.227886
13 0.753000 0.802099 0.118000 0.146926
13 0.778000 0.272114 0.134000 0.163418
13 0.881500 0.194903 0.137000 0.224887
13 0.907000 0.407796 0.184000 0.266866
13 0.936000 0.591454 0.126000 0.289355
