9 0.104375 0.314262 0.112500 0.082918
9 0.153750 0.517413 0.022500 0.044776
9 0.164062 0.455224 0.021875 0.054726
9 0.188750 0.487977 0.030000 0.062189
9 0.191250 0.924959 0.032500 0.024047
9 0.218750 0.502073 0.032500 0.068822
9 0.225625 0.929104 0.033750 0.020729
9 0.793750 0.396767 0.040000 0.097015
9 0.791563 0.244196 0.025625 0.063847
9 0.805312 0.843284 0.026875 0.049751
9 0.935312 0.257048 0.113125 0.079602
9 0.954062 0.844113 0.090625 0.048093
9 0.978438 0.460199 0.020625 0.044776
9 0.991563 0.390547 0.015625 0.056385
