0 0.639583 0.426250 0.282500 0.226250
0 0.007916 0.589687 0.015833 0.029375
0 0.009166 0.631563 0.018333 0.024375
0 0.028750 0.570000 0.042500 0.031250
0 0.037917 0.537187 0.052500 0.029375
0 0.035000 0.246875 0.018334 0.013750
0 0.047917 0.334687 0.039167 0.025625
0 0.084167 0.020000 0.106667 0.040000
0 0.070834 0.505625 0.026667 0.023750
0 0.223333 0.582188 0.081667 0.058125
0 0.256667 0.052812 0.136667 0.100625
0 0.356667 0.742812 0.305000 0.216875
0 0.423750 0.886562 0.284166 0.179375
0 0.429584 0.282813 0.269167 0.230625
0 0.411250 0.154688 0.022500 0.015625
0 0.699584 0.210938 0.289167 0.224375
0 0.574167 0.275000 0.030000 0.020000
0 0.575000 0.261250 0.013334 0.010000
0 0.642500 0.621875 0.056666 0.032500
0 0.648334 0.675313 0.031667 0.020625
0 0.725417 0.605312 0.059167 0.030625
0 0.745000 0.635938 0.056666 0.020625
0 0.747083 0.747187 0.047500 0.020625
0 0.758333 0.933437 0.030000 0.040625
0 0.786667 0.605312 0.050000 0.034375
0 0.798333 0.641250 0.055000 0.037500
0 0.797084 0.381562 0.034167 0.025625
0 0.815417 0.370625 0.020833 0.013750
0 0.826666 0.963438 0.038333 0.021875
0 0.886250 0.426875 0.034166 0.028750
0 0.915000 0.598125 0.025000 0.022500
0 0.984167 0.325937 0.025000 0.011875
