15 0.380000 0.776666 0.193750 0.226667
15 0.179688 0.780834 0.190625 0.216667
15 0.228125 0.573334 0.161250 0.166667
15 0.256563 0.453750 0.140625 0.120834
15 0.275938 0.355833 0.123125 0.115000
15 0.311875 0.291250 0.115000 0.092500
15 0.331562 0.220417 0.099375 0.075833
15 0.383125 0.600833 0.166250 0.150000
15 0.329375 0.142083 0.043750 0.060833
15 0.345000 0.171250 0.053750 0.039166
15 0.394062 0.487917 0.144375 0.117500
15 0.383750 0.397084 0.113750 0.119167
15 0.418750 0.300000 0.113750 0.110000
15 0.408437 0.142916 0.088125 0.059167
15 0.428437 0.179167 0.099375 0.080000
15 0.426875 0.238750 0.086250 0.064166
15 0.490937 0.123750 0.074375 0.072500
15 0.528438 0.446666 0.134375 0.141667
15 0.545625 0.585000 0.158750 0.156666
15 0.519375 0.359166 0.103750 0.118333
15 0.516562 0.223750 0.093125 0.082500
15 0.565937 0.775000 0.183125 0.205000
15 0.528438 0.165417 0.100625 0.082500
15 0.531563 0.277500 0.089375 0.065000
15 0.581250 0.107917 0.080000 0.080833
15 0.625312 0.208333 0.105625 0.090000
15 0.618750 0.148750 0.090000 0.070834
15 0.641563 0.355000 0.128125 0.110000
15 0.640625 0.263333 0.111250 0.093333
15 0.669375 0.447500 0.147500 0.133334
15 0.665938 0.093750 0.086875 0.084166
15 0.722188 0.562917 0.144375 0.170833
15 0.754375 0.760834 0.193750 0.218333
15 0.722188 0.183333 0.093125 0.095000
15 0.716250 0.126250 0.078750 0.077500
15 0.751875 0.246250 0.106250 0.085834
15 0.763437 0.330000 0.124375 0.108334
15 0.801562 0.426250 0.123125 0.134166
15 0.880313 0.553333 0.171875 0.175000
15 0.923438 0.742083 0.151875 0.197500
