4 0.220625 0.803125 0.081250 0.178750
4 0.256562 0.800000 0.044375 0.191250
4 0.304688 0.812813 0.044375 0.189375
4 0.324375 0.765000 0.028750 0.115000
4 0.351562 0.797500 0.039375 0.168750
4 0.383750 0.780937 0.032500 0.160625
4 0.408750 0.783750 0.051250 0.145000
4 0.437188 0.779687 0.025625 0.160625
4 0.463438 0.763437 0.024375 0.118125
4 0.494062 0.763437 0.030625 0.128125
4 0.524062 0.765938 0.025625 0.109375
4 0.547188 0.767500 0.034375 0.098750
4 0.579688 0.770937 0.016875 0.119375
4 0.602812 0.762500 0.025625 0.102500
4 0.623125 0.737500 0.028750 0.042500
4 0.648125 0.762500 0.027500 0.116250
4 0.675312 0.745937 0.016875 0.090625
4 0.689688 0.756562 0.029375 0.073125
4 0.704375 0.748750 0.023750 0.033750
4 0.722187 0.748750 0.015625 0.033750
4 0.739375 0.766563 0.015000 0.053125
4 0.757188 0.743750 0.020625 0.041250
