1 0.91640625 0.15 0.1375 0.1828125
1 0.57109375 0.1296875 0.11875 0.1921875
1 0.61875 0.10078125 0.10390625 0.18984375
1 0.28984375 0.0953125 0.18359375 0.190625
1 0.1 0.1234375 0.18125 0.18046875
1 0.36484375 0.69609375 0.2796875 0.5953125
1 0.2203125 0.6484375 0.43984375 0.690625
1 0.20546875 0.3953125 0.34140625 0.371875
1 0.46171875 0.75 0.1875 0.4875
1 0.89375 0.39140625 0.20546875 0.27734375
1 0.79765625 0.55625 0.2640625 0.1984375
1 0.76171875 0.41953125 0.30390625 0.25
1 0.4375 0.18359375 0.15 0.27265625
1 0.77109375 0.15 0.12578125 0.10390625
1 0.6671875 0.1078125 0.1046875 0.1984375
1 0.65234375 0.24375 0.09296875 0.23125
