1 0.18125 0.1546875 0.2328125 0.25546875
1 0.234375 0.28671875 0.275 0.15390625
1 0.21640625 0.4265625 0.24921875 0.14765625
1 0.15703125 0.57109375 0.2015625 0.4078125
1 0.3234375 0.61953125 0.22578125 0.43671875
1 0.40390625 0.56875 0.1734375 0.4734375
1 0.5296875 0.565625 0.11875 0.50546875
1 0.421875 0.41875 0.1234375 0.50390625
1 0.62109375 0.56328125 0.1640625 0.43359375
1 0.8484375 0.2546875 0.17421875 0.1890625
1 0.8546875 0.35703125 0.1625 0.165625
1 0.79375 0.55390625 0.1578125 0.14296875
1 0.86640625 0.66015625 0.1671875 0.2328125
