15 0.396875 0.476562 0.103125 0.112500
15 0.051562 0.086719 0.090625 0.089062
15 0.112501 0.053125 0.090625 0.078126
15 0.241406 0.227344 0.060937 0.070312
15 0.289844 0.747656 0.042187 0.054688
15 0.397656 0.423437 0.085937 0.068750
15 0.457813 0.498438 0.046875 0.056250
15 0.481250 0.441406 0.068750 0.073438
15 0.493750 0.203906 0.071876 0.067188
15 0.547656 0.028907 0.051563 0.048437
15 0.598438 0.049219 0.050000 0.051562
15 0.632031 0.310156 0.067188 0.064062
15 0.656250 0.367969 0.093750 0.092187
