12 0.060937 0.851695 0.121875 0.294727
12 0.110937 0.259887 0.221875 0.519774
12 0.113750 0.595574 0.226250 0.330509
12 0.207187 0.853578 0.324375 0.290960
12 0.190312 0.334746 0.231875 0.275895
12 0.279062 0.112994 0.178125 0.203390
12 0.332187 0.601224 0.233125 0.341808
12 0.396250 0.323446 0.202500 0.287194
12 0.487187 0.879943 0.289375 0.238229
12 0.443750 0.133240 0.156250 0.185499
12 0.548750 0.585687 0.236250 0.391714
12 0.587812 0.330037 0.188125 0.258945
12 0.614062 0.145480 0.179375 0.187382
12 0.767813 0.878060 0.266875 0.241996
12 0.793438 0.613935 0.253125 0.378531
12 0.791563 0.341808 0.193125 0.301318
12 0.799063 0.154426 0.173125 0.173258
12 0.945625 0.120528 0.107500 0.225989
12 0.948438 0.350283 0.101875 0.233521
12 0.952188 0.615819 0.091875 0.305085
12 0.953438 0.945386 0.089375 0.107344
12 0.954062 0.828155 0.080625 0.127119
12 0.950313 0.888888 0.065625 0.071563
12 0.974687 0.983993 0.049375 0.030131
12 0.991250 0.915254 0.016250 0.069680
