15 0.142917 0.413125 0.239167 0.172500
15 0.140417 0.608750 0.197500 0.150000
15 0.197500 0.846250 0.261666 0.205000
15 0.304167 0.678750 0.311667 0.195000
15 0.288750 0.237188 0.257500 0.230625
15 0.257500 0.160938 0.168334 0.150625
15 0.418750 0.523750 0.355834 0.195000
15 0.476250 0.874063 0.345834 0.250625
15 0.488750 0.180625 0.215834 0.213750
15 0.519584 0.356563 0.219167 0.175625
15 0.601667 0.693125 0.228333 0.168750
15 0.631250 0.522500 0.145834 0.176250
15 0.634583 0.188438 0.147500 0.174375
15 0.677917 0.371250 0.147500 0.167500
15 0.757500 0.830625 0.193334 0.157500
15 0.810000 0.216562 0.266666 0.183125
15 0.827083 0.522500 0.209167 0.148750
15 0.868333 0.365938 0.218333 0.156875
15 0.877084 0.661562 0.219167 0.184375
15 0.920000 0.834375 0.158334 0.177500
