10 0.084063 0.675833 0.151875 0.068333
10 0.091250 0.600833 0.158750 0.070000
10 0.130000 0.530417 0.158750 0.077500
10 0.353437 0.265834 0.048125 0.061667
10 0.395937 0.262917 0.053125 0.077500
10 0.457500 0.261250 0.077500 0.077500
10 0.680937 0.755000 0.134375 0.155000
10 0.736875 0.721250 0.110000 0.129166
10 0.739062 0.320417 0.064375 0.077500
10 0.764062 0.381250 0.101875 0.069166
10 0.765312 0.340000 0.065625 0.051666
10 0.791875 0.694167 0.070000 0.053333
10 0.796563 0.382917 0.055625 0.085833
