0 0.234375 0.084584 0.150000 0.169167
0 0.015625 0.020834 0.031250 0.041667
0 0.141562 0.089167 0.084375 0.156667
0 0.168125 0.272084 0.121250 0.135833
0 0.237188 0.195833 0.099375 0.060000
0 0.343125 0.357917 0.086250 0.129167
0 0.438125 0.365417 0.108750 0.137500
0 0.442500 0.968333 0.083750 0.061667
0 0.495937 0.173750 0.095625 0.112500
0 0.533438 0.203750 0.059375 0.092500
0 0.616250 0.934584 0.046250 0.080833
0 0.806563 0.616250 0.385625 0.474166
0 0.751250 0.111667 0.112500 0.150000
0 0.956250 0.030417 0.086250 0.060833
0 0.976875 0.310416 0.045000 0.144167
