7 0.016875 0.471948 0.033750 0.034117
7 0.037812 0.416982 0.036875 0.027293
7 0.050625 0.387035 0.028750 0.032601
7 0.074063 0.374147 0.029375 0.023502
7 0.096562 0.160728 0.035625 0.027294
7 0.100625 0.423806 0.032500 0.025777
7 0.128750 0.421532 0.031250 0.021229
7 0.163125 0.573541 0.035000 0.031085
7 0.177187 0.527673 0.038125 0.040941
7 0.183750 0.238438 0.031250 0.020470
7 0.201250 0.562926 0.043750 0.029567
7 0.209063 0.308946 0.050625 0.034117
7 0.240313 0.421910 0.061875 0.032601
7 0.283438 0.230856 0.078125 0.032601
7 0.304688 0.446551 0.051875 0.034875
7 0.313750 0.384762 0.031250 0.044731
7 0.361250 0.180440 0.030000 0.024261
7 0.362812 0.261941 0.033125 0.029568
7 0.392500 0.204321 0.041250 0.034117
7 0.398750 0.284306 0.042500 0.028810
7 0.441250 0.245641 0.053750 0.030326
7 0.434375 0.290372 0.033750 0.027293
7 0.498125 0.240713 0.051250 0.035633
7 0.504375 0.169446 0.052500 0.031085
7 0.539062 0.315391 0.050625 0.037907
7 0.543438 0.239954 0.056875 0.034117
7 0.592812 0.103487 0.056875 0.029567
7 0.596250 0.197877 0.063750 0.028810
7 0.597812 0.257013 0.055625 0.027294
7 0.616250 0.233889 0.055000 0.029568
7 0.631250 0.265731 0.065000 0.037149
7 0.676250 0.294541 0.040000 0.018954
7 0.720938 0.109553 0.083125 0.041698
7 0.735312 0.250190 0.049375 0.037907
7 0.729375 0.227445 0.032500 0.027294
7 0.742812 0.443139 0.059375 0.070508
7 0.756250 0.282032 0.041250 0.039424
7 0.792500 0.222517 0.056250 0.031084
7 0.826875 0.224791 0.043750 0.032601
7 0.875313 0.191433 0.049375 0.031084
7 0.886562 0.116376 0.033125 0.020470
7 0.887813 0.162244 0.035625 0.024261
7 0.894375 0.132297 0.040000 0.018954
7 0.985938 0.558757 0.026875 0.050038
