12 0.730938 0.630963 0.181875 0.192469
12 0.030937 0.802929 0.061875 0.333892
12 0.045312 0.272803 0.090625 0.075314
12 0.083125 0.227197 0.086250 0.097908
12 0.270625 0.889958 0.303750 0.218410
12 0.185625 0.651465 0.061250 0.141423
12 0.308438 0.216737 0.121875 0.105439
12 0.274375 0.125523 0.051250 0.060252
12 0.353125 0.036820 0.087500 0.051883
12 0.393437 0.189958 0.126875 0.130544
12 0.437188 0.045188 0.094375 0.061925
12 0.459688 0.146861 0.098125 0.092887
12 0.505937 0.841841 0.149375 0.108786
12 0.486875 0.207950 0.090000 0.081172
12 0.536250 0.922594 0.181250 0.153138
12 0.542500 0.623850 0.088750 0.154811
12 0.642188 0.745607 0.185625 0.239331
12 0.667500 0.941841 0.101250 0.097908
12 0.781875 0.853138 0.220000 0.255230
12 0.803125 0.053975 0.092500 0.069456
12 0.821250 0.206276 0.121250 0.071130
12 0.857187 0.700419 0.120625 0.108787
12 0.896250 0.158159 0.096250 0.102092
12 0.931563 0.872804 0.135625 0.215899
12 0.955313 0.168620 0.088125 0.094561
12 0.959375 0.497490 0.073750 0.153139
