8 0.066875 0.357798 0.055000 0.050042
8 0.080937 0.442869 0.058125 0.058382
8 0.143438 0.381151 0.103125 0.120100
8 0.176563 0.563386 0.101875 0.127606
8 0.183750 0.306088 0.053750 0.056714
8 0.226562 0.517931 0.059375 0.098415
8 0.268750 0.346539 0.072500 0.065888
8 0.319062 0.514596 0.129375 0.150125
8 0.343750 0.601335 0.118750 0.161801
8 0.326250 0.419099 0.068750 0.065888
8 0.400625 0.565888 0.087500 0.125938
8 0.500313 0.415763 0.213125 0.124270
8 0.654062 0.462052 0.406875 0.203503
8 0.511875 0.489992 0.120000 0.127607
8 0.637188 0.705171 0.101875 0.134278
8 0.750312 0.682235 0.126875 0.165138
8 0.846250 0.620517 0.156250 0.216848
