10 0.051875 0.427768 0.103750 0.228893
10 0.187188 0.464353 0.170625 0.247655
10 0.168750 0.883677 0.092500 0.159475
10 0.229687 0.142121 0.183125 0.272983
10 0.221563 0.946529 0.130625 0.105066
10 0.491563 0.289868 0.091875 0.082551
10 0.530937 0.251877 0.073125 0.096623
10 0.600625 0.698874 0.097500 0.163227
10 0.623750 0.249062 0.143750 0.160412
10 0.686562 0.782833 0.130625 0.211070
10 0.811250 0.796435 0.111250 0.172608
10 0.945625 0.478893 0.107500 0.231708
10 0.977500 0.185272 0.043750 0.113508
