1 0.385000 0.720430 0.150000 0.215054
1 0.561000 0.787634 0.190000 0.225806
1 0.788000 0.865591 0.208000 0.231183
1 0.846000 0.630376 0.180000 0.180108
1 0.636000 0.567204 0.160000 0.188172
1 0.888000 0.431452 0.168000 0.196237
1 0.687000 0.387097 0.142000 0.177419
1 0.732000 0.217742 0.136000 0.139785
1 0.916000 0.255376 0.152000 0.139785
1 0.080000 0.583333 0.160000 0.198925
1 0.223000 0.650538 0.166000 0.198925
1 0.467000 0.514785 0.162000 0.153226
1 0.306000 0.452957 0.140000 0.169355
1 0.184000 0.411290 0.152000 0.182796
1 0.266000 0.256720 0.136000 0.142473
1 0.341000 0.133065 0.134000 0.174731
1 0.467056 0.134130 0.118264 0.114804
1 0.537000 0.338710 0.146000 0.155914
1 0.576000 0.184140 0.132000 0.131720
