13 0.233750 0.619167 0.090000 0.111667
13 0.179688 0.731250 0.099375 0.125834
13 0.215937 0.439584 0.016875 0.024167
13 0.234063 0.436250 0.011875 0.024166
13 0.259687 0.393334 0.060625 0.051667
13 0.257188 0.430417 0.026875 0.029167
13 0.276562 0.419584 0.014375 0.029167
13 0.294687 0.402500 0.021875 0.053334
13 0.436250 0.544584 0.116250 0.175833
13 0.709375 0.385417 0.073750 0.087500
13 0.720938 0.595417 0.060625 0.084167
13 0.834688 0.777500 0.106875 0.058334
13 0.852187 0.722083 0.105625 0.085833
