3 0.739375 0.260417 0.253750 0.307500
3 0.080312 0.352917 0.160625 0.087500
3 0.135313 0.705000 0.270625 0.165000
3 0.193750 0.208334 0.231250 0.256667
3 0.246250 0.158750 0.183750 0.317500
3 0.255625 0.858334 0.158750 0.278333
3 0.354063 0.128333 0.140625 0.255000
3 0.470313 0.870000 0.050625 0.258334
3 0.540000 0.147917 0.107500 0.290833
3 0.602812 0.167083 0.134375 0.332500
3 0.575000 0.901250 0.040000 0.195834
3 0.683750 0.905417 0.080000 0.187500
3 0.839375 0.445833 0.308750 0.095000
3 0.832812 0.360417 0.291875 0.117500
3 0.760938 0.907917 0.101875 0.182500
