5 1 0.5729166671875 0.98148148125 0.534722221875 0.9413580250000001 0.509259259375 0.7623456796875 0.4861111109375 0.6882716046875 0.46296296249999996 0.608024690625 0.46296296249999996 0.546296296875 0.51851851875 0.3487654328125 0.509259259375 0.336419753125 0.5231481484375 0.3425925921875 0.578703703125 0.4660493828125 0.5879629625 0.530864196875 0.6458333328125 0.5370370375 0.70601851875 0.46296296249999996 0.7569444437499999 0.4660493828125 0.7731481484375 0.6265432093750001 0.76851851875 0.7129629625 0.75 0.8055555562500001 0.76851851875 0.953703703125 0.7731481484375 0.9753086421875 0.7615740734374999 1 0.7013888890625 1 0.5729166671875
5 0.82523148125 1 0.8333333328125001 0.9513888890625 0.799382715625 0.9351851859375 0.7345679015625 0.8865740734375 0.6944444437499999 0.8379629625 0.6759259265625001 0.847222221875 0.5956790125 0.8518518515625001 0.5617283953125 0.891203703125 0.558641975 0.9120370375 0.558641975 1 0.82523148125 1
5 0.5555555562500001 1 0.5555555562500001 0.928240740625 0.549382715625 0.9050925921875 0.54012345625 0.8981481484374999 0.23765432031249997 0.89351851875 0.2253086421875 0.8981481484374999 0.22839506250000002 0.9791666671874999 0.2362298203125 1 0.5555555562500001 1
5 0.22828074687500002 1 0.19135802500000001 0.8819444437499999 0.1604938265625 0.83101851875 0.1481481484375 0.7708333328125 0.0802469140625 0.608796296875 0.04012345625 0.5925925921874999 0 0.5959362125000001 0 1 0.22828074687500002 1
5 0.018518518749999997 0.4143518515625 0.0030864203125 0.44444444375 0 0.46527777812500004 0.018518518749999997 0.48379629687500003 0.0123456796875 0.516203703125 0.049382715625000004 0.5578703703125 0.049382715625000004 0.5856481484375 0.0802469140625 0.5995370375 0.0987654328125 0.6273148140625 0.1111111109375 0.6875 0.1296296296875 0.7199074078125001 0.13888888906250002 0.7268518515625 0.2438271609375 0.73148148125 0.296296296875 0.6736111109375 0.32716049375 0.5995370375 0.32716049375 0.5069444437499999 0.29012345625 0.4375 0.28395061718750003 0.4050925921875 0.2438271609375 0.3888888890625 0.1574074078125 0.3981481484375 0.108024690625 0.384259259375 0.0648148140625 0.384259259375 0.018518518749999997 0.4143518515625
5 0.259259259375 0.7245370375 0.23148148124999998 0.740740740625 0.240740740625 0.7893518515625 0.299382715625 0.8611111109375 0.4166666671875 0.865740740625 0.45370370312499997 0.8611111109375 0.46296296249999996 0.8449074078125 0.43827160468750004 0.7893518515625 0.4753086421875 0.7384259265625001 0.5246913578125 0.7106481484375 0.5370370375 0.6828703703125 0.530864196875 0.6550925921874999 0.5061728390625 0.6226851859375 0.47222222187499996 0.597222221875 0.42283950625 0.578703703125 0.354938271875 0.5833333328125 0.32716049375 0.608796296875 0.296296296875 0.678240740625 0.259259259375 0.7245370375
5 0.2530864203125 0.2800925921875 0.2253086421875 0.31944444375000003 0.23456790156250001 0.36805555624999997 0.28395061718750003 0.40046296249999996 0.3209876546875 0.49305555625 0.336419753125 0.5046296296875 0.546296296875 0.5138888890625 0.5679012343750001 0.5023148140625 0.5987654328125 0.446759259375 0.5987654328125 0.2986111109375 0.5679012343750001 0.22916666718749998 0.54012345625 0.20370370312500002 0.2746913578125 0.20370370312500002 0.2530864203125 0.2800925921875
5 0 0 0 0.34722222187499996 0.1203703703125 0.34722222187499996 0.182098765625 0.3379629625 0.22839506250000002 0.3078703703125 0.259259259375 0.24305555625 0.2716049375 0.13194444375 0.2530864203125 0.071759259375 0.20987654375 0.0115740734375 0.19444444375 0 0 0
5 0.20541838281250002 0 0.20987654375 0.0023148140625 0.259259259375 0.071759259375 0.2654320984375 0.0949074078125 0.28086419687499997 0.10648148125000001 0.30555555624999997 0.10648148125000001 0.3425925921875 0.10185185156250001 0.41358024687499995 0.0671296296875 0.44739369062499995 0 0.20541838281250002 0
5 0.554673721875 0 0.5555555562500001 0.0023148140625 0.5679012343750001 0.1273148140625 0.57716049375 0.134259259375 0.6018518515625 0.134259259375 0.6265432093750001 0.14351851875 0.663580246875 0.14351851875 0.7129629625 0.134259259375 0.7283950625 0.1226851859375 0.7345679015625 0.090277778125 0.7160493828125001 0.071759259375 0.713235296875 0 0.554673721875 0
5 0.453203203125 0 0.42283950625 0.0648148140625 0.43827160468750004 0.0949074078125 0.44444444375 0.1875 0.5216049375 0.19444444375 0.5740740734374999 0.22916666718749998 0.604938271875 0.29398148125 0.604938271875 0.358796296875 0.6203703703125 0.39351851875 0.6820987656249999 0.34722222187499996 0.8117283953125 0.34722222187499996 0.8518518515625001 0.33101851875 0.8765432093750001 0.21064814843750002 0.8765432093750001 0.11342592656249999 0.858024690625 0.016203703125 0.8498628265624999 0 0.453203203125 0
