4 0.484 0.0767195765625 0.462 0.0423280421875 0.418 0.021164021875 0.318 0.0264550265625 0.266 0.047619046875 0.256 0.066137565625 0.26 0.19312169375 0.27599999999999997 0.27248677187500003 0.26 0.346560846875 0.256 0.484126984375 0.27 0.4867724875 0.314 0.4232804234375 0.366 0.428571428125 0.41600000000000004 0.484126984375 0.42400000000000004 0.5899470906250001 0.472 0.5952380953125 0.484 0.5846560843749999 0.476 0.415343915625 0.524 0.3624338625 0.524 0.29365079375 0.504 0.2301587296875 0.484 0.0767195765625
4 0 0.4047619046875 0.136 0.4047619046875 0.154 0.40211640156249995 0.188 0.3730158734375 0.192 0.30423280468749997 0.2 0.2883597890625 0.158 0.2539682546875 0.11599999999999999 0.1984126984375 0.10200000000000001 0.16931216875 0.038 0.17989417968750002 0.006 0.1957671953125 0 0.20370370312500002 0 0.4047619046875
4 0 0.658730159375 0.078 0.6878306875 0.148 0.690476190625 0.152 0.6798941796875 0.148 0.4206349203125 0.142 0.4126984125 0.122 0.4074074078125 0.002 0.4074074078125 0 0.658730159375
4 0 0.66931216875 0.002 0.9153439156250001 0.32999999999999996 0.947089946875 0.404 0.9444444437499999 0.41200000000000003 0.8492063484375001 0.398 0.8148148140625 0.258 0.7566137562499999 0.20600000000000002 0.7460317453124999 0.162 0.7195767203125001 0 0.66931216875
4 0.5740000000000001 0.640211640625 0.546 0.634920634375 0.48600000000000004 0.603174603125 0.40599999999999997 0.603174603125 0.34199999999999997 0.6296296296875 0.292 0.674603175 0.296 0.7645502640624999 0.302 0.7724867718749999 0.32999999999999996 0.7883597890625 0.382 0.7989417984375 0.40599999999999997 0.8148148140625 0.418 0.841269840625 0.442 0.841269840625 0.47800000000000004 0.8730158734375 0.506 0.8677248671875001 0.522 0.8835978843750001 0.54 0.88095238125 0.5660000000000001 0.8677248671875001 0.592 0.828042328125 0.592 0.791005290625 0.58 0.7486772484374999 0.588 0.674603175 0.5740000000000001 0.640211640625
4 0.40800000000000003 0.47883597812499995 0.386 0.44973545000000004 0.358 0.428571428125 0.33399999999999996 0.4232804234375 0.31 0.43386243437500005 0.286 0.4761904765625 0.242 0.5079365078125 0.194 0.4867724875 0.18 0.4947089953125 0.176 0.5264550265625 0.18 0.6269841265625 0.242 0.6772486765625 0.284 0.6851851859375 0.298 0.6613756609375 0.33799999999999997 0.6296296296875 0.398 0.603174603125 0.42000000000000004 0.5793650796875001 0.42400000000000004 0.521164021875 0.40800000000000003 0.47883597812499995
4 0.538 0.3703703703125 0.49000000000000005 0.396825396875 0.48 0.415343915625 0.488 0.5952380953125 0.49800000000000005 0.6084656078124999 0.5780000000000001 0.640211640625 0.606 0.6825396828125 0.648 0.690476190625 0.682 0.6666666671875 0.748 0.6481481484375 0.748 0.4206349203125 0.726 0.396825396875 0.666 0.3703703703125 0.538 0.3703703703125
4 0.8619999999999999 0.6666666671875 0.8099999999999999 0.6507936515625 0.714 0.6613756609375 0.658 0.6878306875 0.632 0.7275132281250001 0.624 0.7804232796874999 0.624 0.8862433859375001 0.64 0.9391534390625 0.674 0.978835978125 0.71 1 0.876 0.997354496875 0.906 0.9735449734375001 0.9359999999999999 0.9285714281249999 0.9400000000000001 0.7539682546875001 0.932 0.7275132281250001 0.914 0.703703703125 0.8619999999999999 0.6666666671875
4 0.866 0.5291005296875 0.836 0.5899470906250001 0.8320000000000001 0.621693121875 0.8320000000000001 0.6428571421875 0.842 0.65608465625 0.8619999999999999 0.6613756609375 0.922 0.703703703125 0.9400000000000001 0.7380952375 0.944 0.7698412703125 0.96 0.7698412703125 0.982 0.7513227515625001 1 0.7486772484374999 0.998 0.365079365625 0.9560000000000001 0.45767195781250003 0.9560000000000001 0.484126984375 0.866 0.5291005296875
4 0.818 0.259259259375 0.808 0.27248677187500003 0.8 0.3148148140625 0.8 0.346560846875 0.808 0.3677248671875 0.808 0.3888888890625 0.8140000000000001 0.396825396875 0.922 0.4074074078125 0.95 0.41798941875000006 0.9640000000000001 0.415343915625 0.9800000000000001 0.39947089999999996 1 0.3571428578125 0.998 0.275132275 0.8619999999999999 0.2698412703125 0.8460000000000001 0.2539682546875 0.818 0.259259259375
4 1 0.19312169375 0.9099999999999999 0.1481481484375 0.826 0.1322751328125 0.742 0.1322751328125 0.638 0.153439153125 0.624 0.1878306875 0.624 0.2989417984375 0.584 0.3518518515625 0.614 0.365079365625 0.67 0.365079365625 0.726 0.39153439218749997 0.756 0.4365079359375 0.762 0.502645503125 0.842 0.5079365078125 0.868 0.521164021875 0.942 0.4867724875 0.9560000000000001 0.43121693125 1 0.3571428578125 1 0.19312169375
