6 0.125977 0.296224 0.087891 0.175781
6 0.238281 0.317708 0.093750 0.125000
6 0.373047 0.301432 0.148438 0.238281
6 0.275391 0.074219 0.101562 0.148438
6 0.439453 0.089193 0.113281 0.178385
6 0.580078 0.078776 0.109375 0.157552
6 0.806641 0.108724 0.085938 0.191406
6 0.633789 0.312500 0.111328 0.177083
6 0.719727 0.567708 0.107422 0.166667
6 0.615234 0.578776 0.097656 0.152344
6 0.501953 0.561849 0.128906 0.227865
6 0.371094 0.569661 0.105469 0.212240
6 0.266602 0.519531 0.087891 0.231771
6 0.109375 0.534505 0.078125 0.157552
6 0.292969 0.801432 0.113281 0.180990
6 0.503906 0.833333 0.105469 0.156250
6 0.628906 0.825521 0.101562 0.177083
6 0.111328 0.947266 0.074219 0.102865
6 0.212891 0.955078 0.074219 0.087240
6 0.323242 0.975911 0.072266 0.045573
6 0.679688 0.099609 0.097656 0.136719
