6 0.449219 0.649089 0.199219 0.269531
6 0.281250 0.505208 0.203125 0.250000
6 0.122070 0.353516 0.181641 0.251302
6 0.307617 0.278646 0.177734 0.239583
6 0.161133 0.123698 0.201172 0.242187
6 0.448242 0.416016 0.166016 0.204427
6 0.601562 0.362630 0.152344 0.196615
6 0.469727 0.214193 0.146484 0.207031
6 0.612305 0.162109 0.142578 0.196615
6 0.736328 0.263672 0.152344 0.212240
6 0.867188 0.351562 0.160156 0.255208
6 0.812500 0.098307 0.160156 0.188802
6 0.923828 0.132161 0.152344 0.225260
6 0.722656 0.470703 0.187500 0.204427
6 0.579102 0.540365 0.126953 0.195312
6 0.851562 0.593750 0.160156 0.192708
6 0.632812 0.706380 0.152344 0.201823
6 0.559570 0.835286 0.166016 0.178385
6 0.308594 0.731771 0.167969 0.203125
6 0.403320 0.828125 0.134766 0.140625
6 0.809570 0.768229 0.158203 0.208333
6 0.715820 0.845052 0.142578 0.190104
