5 0.325195 0.953776 0.107422 0.092448
5 0.519531 0.956380 0.097656 0.087240
5 0.632812 0.947917 0.097656 0.104167
5 0.122070 0.759766 0.091797 0.167969
5 0.215820 0.772786 0.091797 0.183594
5 0.366211 0.765625 0.126953 0.166667
5 0.366211 0.765625 0.126953 0.166667
5 0.634766 0.735677 0.097656 0.148438
5 0.736328 0.723307 0.101562 0.147135
5 0.176758 0.520182 0.091797 0.157552
5 0.297852 0.534505 0.119141 0.207031
5 0.425781 0.522135 0.101562 0.200521
5 0.543945 0.518229 0.123047 0.208333
5 0.681641 0.490234 0.089844 0.160156
5 0.188477 0.276693 0.103516 0.165365
5 0.321289 0.255859 0.111328 0.160156
5 0.488281 0.242839 0.117188 0.175781
5 0.619141 0.262370 0.117188 0.204427
5 0.718750 0.220703 0.082031 0.194010
5 0.804688 0.250000 0.097656 0.171875
5 0.265625 0.057292 0.101562 0.114583
5 0.426270 0.050130 0.092773 0.097656
5 0.520508 0.047526 0.072266 0.092448
5 0.662598 0.048177 0.092773 0.096354
5 0.784180 0.055339 0.083984 0.108073
