5 0.251953 0.231771 0.101562 0.156250
5 0.349609 0.235026 0.085938 0.204427
5 0.464844 0.208984 0.125000 0.214844
5 0.605469 0.229167 0.093750 0.187500
5 0.787109 0.246745 0.117188 0.222656
5 0.261719 0.448568 0.121094 0.220052
5 0.404297 0.461589 0.093750 0.194010
5 0.524414 0.473307 0.119141 0.186198
5 0.650391 0.475911 0.097656 0.186198
5 0.750000 0.495443 0.089844 0.152344
5 0.182617 0.725260 0.107422 0.158854
5 0.362305 0.740885 0.107422 0.169271
5 0.466797 0.719401 0.093750 0.183594
5 0.594727 0.758464 0.107422 0.141927
5 0.703125 0.737630 0.093750 0.183594
5 0.830078 0.735026 0.085938 0.167969
5 0.265625 0.940755 0.101562 0.115885
5 0.365234 0.942057 0.089844 0.113281
5 0.509766 0.910156 0.128906 0.174479
5 0.752930 0.956380 0.083984 0.084635
5 0.671875 0.049479 0.105469 0.098958
5 0.556152 0.042318 0.092773 0.084635
