5 0.217773 0.202474 0.087891 0.170573
5 0.347656 0.199219 0.101562 0.174479
5 0.460938 0.206380 0.113281 0.183594
5 0.576172 0.212891 0.132812 0.170573
5 0.684570 0.227214 0.087891 0.173177
5 0.837891 0.267578 0.082031 0.139323
5 0.229492 0.430339 0.095703 0.188802
5 0.402344 0.442057 0.136719 0.196615
5 0.575195 0.465495 0.115234 0.165365
5 0.695312 0.453125 0.121094 0.213542
5 0.206055 0.673828 0.123047 0.222656
5 0.312500 0.695312 0.093750 0.187500
5 0.486328 0.727214 0.105469 0.194010
5 0.299219 0.358984 0.596875 0.714844
5 0.600586 0.736328 0.123047 0.253906
5 0.776367 0.681641 0.107422 0.233073
5 0.211914 0.908203 0.099609 0.175781
5 0.129883 0.905599 0.076172 0.180990
5 0.386719 0.934245 0.093750 0.128906
5 0.260156 0.475391 0.518750 0.949219
5 0.527344 0.934245 0.117188 0.128906
5 0.638672 0.933594 0.085938 0.132812
5 0.381641 0.031250 0.760156 0.059375
5 0.743652 0.051432 0.083008 0.097656
5 0.646484 0.038411 0.097656 0.076823
