6 0.220703 0.123047 0.101562 0.167969
6 0.342773 0.132812 0.091797 0.130208
6 0.449219 0.103516 0.121094 0.201823
6 0.551758 0.119792 0.095703 0.166667
6 0.657227 0.149089 0.103516 0.261719
6 0.109375 0.367839 0.097656 0.209635
6 0.258789 0.357422 0.111328 0.167969
6 0.503906 0.364583 0.113281 0.182292
6 0.618164 0.357422 0.107422 0.214844
6 0.758789 0.375000 0.099609 0.197917
6 0.257812 0.607422 0.109375 0.173177
6 0.399414 0.620443 0.119141 0.178385
6 0.540039 0.626953 0.107422 0.175781
6 0.672852 0.623698 0.115234 0.184896
6 0.635742 0.872396 0.123047 0.182292
6 0.314453 0.848307 0.117188 0.175781
6 0.190430 0.842448 0.103516 0.190104
