5 0.226562 0.310547 0.097656 0.183594
5 0.342773 0.311849 0.103516 0.175781
5 0.351562 0.077474 0.093750 0.154948
5 0.251953 0.078776 0.097656 0.157552
5 0.165039 0.087240 0.091797 0.169271
5 0.557617 0.082682 0.126953 0.165365
5 0.674805 0.095703 0.107422 0.175781
5 0.573242 0.309896 0.095703 0.203125
5 0.719727 0.335286 0.099609 0.175781
5 0.848633 0.356120 0.091797 0.180990
5 0.781250 0.591797 0.097656 0.178385
5 0.689453 0.595703 0.085938 0.154948
5 0.586914 0.572266 0.111328 0.196615
5 0.468750 0.587891 0.117188 0.207031
5 0.231445 0.564453 0.107422 0.165365
5 0.111328 0.767578 0.085938 0.180990
5 0.286133 0.791016 0.107422 0.217448
5 0.409180 0.832682 0.115234 0.196615
5 0.554688 0.827474 0.128906 0.191406
5 0.680664 0.836589 0.099609 0.178385
5 0.827148 0.819010 0.087891 0.164062
