6 0.671875 0.755859 0.105469 0.175781
6 0.567383 0.758464 0.095703 0.186198
6 0.457031 0.749349 0.109375 0.209635
6 0.352539 0.735026 0.099609 0.180990
6 0.242188 0.697917 0.070312 0.125000
6 0.772461 0.505208 0.099609 0.182292
6 0.668945 0.509766 0.115234 0.199219
6 0.464844 0.485677 0.132812 0.184896
6 0.268555 0.473307 0.115234 0.162760
6 0.874023 0.279297 0.080078 0.154948
6 0.686523 0.263021 0.123047 0.213542
6 0.485352 0.250651 0.111328 0.180990
6 0.331055 0.227865 0.119141 0.169271
6 0.473633 0.089844 0.111328 0.174479
6 0.260742 0.033854 0.107422 0.067708
6 0.797852 0.059245 0.095703 0.115885
6 0.571289 0.949219 0.103516 0.101562
6 0.429688 0.942708 0.132812 0.111979
6 0.318359 0.934896 0.097656 0.130208
6 0.167969 0.908203 0.109375 0.167969
6 0.854492 0.936849 0.076172 0.126302
6 0.686523 0.949219 0.103516 0.101562
6 0.548828 0.057943 0.074219 0.113281
