6 0.772461 0.905599 0.095703 0.183594
6 0.689453 0.895833 0.078125 0.156250
6 0.600586 0.910156 0.087891 0.179688
6 0.488281 0.906901 0.113281 0.180990
6 0.371094 0.899089 0.125000 0.201823
6 0.259766 0.865234 0.097656 0.160156
6 0.812500 0.656901 0.101562 0.175781
6 0.714844 0.664062 0.113281 0.203125
6 0.587891 0.666016 0.093750 0.204427
6 0.480469 0.662109 0.109375 0.212240
6 0.371094 0.648438 0.109375 0.197917
6 0.249023 0.639974 0.111328 0.209635
6 0.743164 0.404297 0.095703 0.165365
6 0.650391 0.391927 0.082031 0.164062
6 0.498047 0.395182 0.105469 0.188802
6 0.304688 0.389323 0.113281 0.195312
6 0.178711 0.362630 0.095703 0.144531
6 0.555664 0.153646 0.099609 0.192708
6 0.366211 0.141927 0.130859 0.210938
6 0.258789 0.149089 0.091797 0.165365
6 0.172852 0.163411 0.087891 0.173177
