6 0.348633 0.552393 0.189453 0.345918
6 0.475586 0.276875 0.224609 0.396328
6 0.749023 0.203867 0.244141 0.403281
6 0.649414 0.522842 0.189453 0.363301
6 0.572266 0.721006 0.210937 0.252051
6 0.209961 0.384648 0.185547 0.264219
6 0.298828 0.138682 0.191406 0.269434
6 0.166992 0.865283 0.197266 0.269434
6 0.763672 0.821826 0.156250 0.300723
6 0.892578 0.821826 0.105469 0.224238
6 0.877930 0.467217 0.162109 0.245098
6 0.226562 0.636699 0.152344 0.246836
6 0.341797 0.812266 0.152344 0.201641
6 0.477539 0.888750 0.173828 0.222500
