6 0.812500 0.066406 0.078125 0.132812
6 0.708984 0.057943 0.117188 0.115885
6 0.578125 0.058594 0.128906 0.117188
6 0.463867 0.061849 0.107422 0.123698
6 0.355469 0.069661 0.105469 0.139323
6 0.251953 0.078776 0.097656 0.157552
6 0.857422 0.267578 0.093750 0.186198
6 0.710938 0.259766 0.105469 0.186198
6 0.586914 0.257161 0.103516 0.196615
6 0.492188 0.283203 0.078125 0.149740
6 0.396484 0.301432 0.109375 0.144531
6 0.286133 0.281901 0.107422 0.194010
6 0.816406 0.514974 0.093750 0.186198
6 0.695312 0.520182 0.093750 0.175781
6 0.544922 0.511719 0.117188 0.205729
6 0.430664 0.537109 0.099609 0.173177
6 0.331055 0.525391 0.091797 0.201823
6 0.239258 0.546224 0.095703 0.160156
6 0.806641 0.776693 0.085938 0.131510
6 0.704102 0.783203 0.103516 0.149740
6 0.582031 0.776693 0.125000 0.199219
6 0.460938 0.804036 0.113281 0.248698
6 0.358398 0.798828 0.095703 0.154948
6 0.255859 0.798828 0.089844 0.165365
