6 0.346680 0.151693 0.123047 0.183594
6 0.548828 0.158203 0.105469 0.170573
6 0.661133 0.175130 0.103516 0.178385
6 0.159180 0.395182 0.095703 0.186198
6 0.129297 0.202734 0.257031 0.402344
6 0.263672 0.394531 0.109375 0.195312
6 0.498047 0.428385 0.117188 0.164062
6 0.609375 0.431641 0.085938 0.160156
6 0.753906 0.428385 0.105469 0.190104
6 0.753906 0.428385 0.105469 0.190104
6 0.284668 0.667969 0.102539 0.164062
6 0.438477 0.681641 0.115234 0.165365
6 0.557617 0.673177 0.111328 0.195312
6 0.346680 0.920573 0.095703 0.153646
