5 0.130859 0.108724 0.078125 0.134115
5 0.262695 0.080729 0.095703 0.156250
5 0.378906 0.076172 0.093750 0.152344
5 0.486328 0.076172 0.101562 0.152344
5 0.587891 0.089193 0.089844 0.147135
5 0.187500 0.310547 0.101562 0.147135
5 0.311523 0.308594 0.091797 0.148438
5 0.433594 0.293620 0.117188 0.191406
5 0.582031 0.287109 0.121094 0.204427
5 0.699219 0.307943 0.109375 0.199219
5 0.814453 0.320964 0.109375 0.204427
5 0.521484 0.443359 0.140625 0.261719
5 0.207031 0.544922 0.109375 0.188802
5 0.324219 0.559245 0.105469 0.186198
5 0.455078 0.572917 0.101562 0.177083
5 0.580078 0.589844 0.105469 0.148438
5 0.687500 0.576823 0.105469 0.184896
5 0.798828 0.561198 0.113281 0.216146
5 0.306641 0.783203 0.125000 0.201823
5 0.506836 0.805339 0.119141 0.194010
5 0.643555 0.810547 0.115234 0.183594
5 0.780273 0.801432 0.103516 0.170573
