6 0.226562 0.689453 0.097656 0.183594
6 0.342773 0.688151 0.103516 0.175781
6 0.351562 0.922526 0.093750 0.154948
6 0.251953 0.921224 0.097656 0.157552
6 0.165039 0.912760 0.091797 0.169271
6 0.557617 0.917318 0.126953 0.165365
6 0.674805 0.904297 0.107422 0.175781
6 0.573242 0.690104 0.095703 0.203125
6 0.719727 0.664714 0.099609 0.175781
6 0.848633 0.643880 0.091797 0.180990
6 0.781250 0.408203 0.097656 0.178385
6 0.689453 0.404297 0.085938 0.154948
6 0.586914 0.427734 0.111328 0.196615
6 0.468750 0.412109 0.117188 0.207031
6 0.231445 0.435547 0.107422 0.165365
6 0.111328 0.232422 0.085938 0.180990
6 0.286133 0.208984 0.107422 0.217448
6 0.409180 0.167318 0.115234 0.196615
6 0.554688 0.172526 0.128906 0.191406
6 0.680664 0.163411 0.099609 0.178385
6 0.827148 0.180990 0.087891 0.164062
