5 0.772461 0.094401 0.095703 0.183594
5 0.689453 0.104167 0.078125 0.156250
5 0.600586 0.089844 0.087891 0.179688
5 0.488281 0.093099 0.113281 0.180990
5 0.371094 0.100911 0.125000 0.201823
5 0.259766 0.134766 0.097656 0.160156
5 0.812500 0.343099 0.101562 0.175781
5 0.714844 0.335938 0.113281 0.203125
5 0.587891 0.333984 0.093750 0.204427
5 0.480469 0.337891 0.109375 0.212240
5 0.371094 0.351562 0.109375 0.197917
5 0.249023 0.360026 0.111328 0.209635
5 0.743164 0.595703 0.095703 0.165365
5 0.650391 0.608073 0.082031 0.164062
5 0.498047 0.604818 0.105469 0.188802
5 0.304688 0.610677 0.113281 0.195312
5 0.178711 0.637370 0.095703 0.144531
5 0.555664 0.846354 0.099609 0.192708
5 0.366211 0.858073 0.130859 0.210937
5 0.258789 0.850911 0.091797 0.165365
5 0.172852 0.836589 0.087891 0.173177
