6 0.158203 0.272786 0.085938 0.154948
6 0.248047 0.257812 0.097656 0.187500
6 0.341797 0.256510 0.089844 0.190104
6 0.471680 0.261068 0.138672 0.230469
6 0.630859 0.272786 0.113281 0.191406
6 0.765625 0.297526 0.109375 0.178385
6 0.194336 0.509766 0.091797 0.170573
6 0.351562 0.521484 0.136719 0.188802
6 0.541016 0.511719 0.132812 0.216146
6 0.666016 0.520182 0.117188 0.207031
6 0.810547 0.560547 0.093750 0.261719
6 0.290039 0.779297 0.099609 0.199219
6 0.411133 0.789714 0.123047 0.194010
6 0.592773 0.791667 0.103516 0.182292
6 0.692383 0.777995 0.083984 0.207031
6 0.763672 0.796875 0.062500 0.156250
6 0.552734 0.059245 0.097656 0.118490
6 0.410156 0.056641 0.144531 0.113281
6 0.287109 0.947917 0.121094 0.104167
6 0.405273 0.959635 0.107422 0.080729
6 0.519531 0.963542 0.097656 0.072917
6 0.618164 0.962891 0.080078 0.071615
6 0.712891 0.960938 0.082031 0.078125
6 0.804688 0.957682 0.085938 0.082031
