6 0.170898 0.085286 0.083984 0.165365
6 0.260742 0.076172 0.091797 0.152344
6 0.360352 0.074219 0.103516 0.148438
6 0.465820 0.073568 0.087891 0.147135
6 0.571289 0.077474 0.111328 0.154948
6 0.697266 0.111328 0.105469 0.128906
6 0.147461 0.296875 0.115234 0.177083
6 0.250977 0.298177 0.091797 0.174479
6 0.421875 0.296224 0.109375 0.212240
6 0.559570 0.300130 0.119141 0.199219
6 0.680664 0.321615 0.099609 0.174479
6 0.193359 0.517578 0.093750 0.191406
6 0.335938 0.529948 0.101562 0.195312
6 0.497070 0.539714 0.107422 0.194010
6 0.654297 0.546224 0.125000 0.212240
6 0.796875 0.550781 0.113281 0.200521
6 0.296875 0.810547 0.101562 0.173177
6 0.409180 0.820312 0.119141 0.182292
6 0.525391 0.833984 0.097656 0.261719
6 0.634766 0.810547 0.113281 0.199219
