5 0.388672 0.463683 0.152344 0.223270
5 0.443359 0.271639 0.128906 0.195166
5 0.541016 0.361416 0.121094 0.171746
5 0.536133 0.178740 0.095703 0.187360
5 0.268555 0.343461 0.142578 0.220148
5 0.170898 0.566731 0.142578 0.229516
5 0.134766 0.357513 0.132813 0.217025
5 0.182617 0.167030 0.154297 0.229516
5 0.291992 0.085841 0.123047 0.167062
5 0.325195 0.805614 0.126953 0.220148
5 0.493164 0.527698 0.099609 0.182676
5 0.804688 0.190450 0.132812 0.220148
5 0.883789 0.502716 0.119141 0.176430
5 0.904297 0.305989 0.132812 0.232638
5 0.704102 0.443386 0.115234 0.188921
5 0.595703 0.469928 0.093750 0.154572
5 0.565430 0.775949 0.111328 0.192044
5 0.410156 0.671340 0.101562 0.163940
5 0.701172 0.774388 0.117188 0.170185
5 0.740234 0.588589 0.140625 0.185798
5 0.886719 0.654165 0.109375 0.142081
5 0.367188 0.925837 0.117188 0.148326
5 0.156250 0.827473 0.113281 0.163940
5 0.057617 0.524575 0.095703 0.188921
5 0.652344 0.257587 0.125000 0.273233
5 0.426758 0.085841 0.134766 0.167062
