5 0.214844 0.266276 0.109375 0.204427
5 0.346680 0.285156 0.119141 0.164062
5 0.339844 0.063151 0.113281 0.126302
5 0.221680 0.065755 0.119141 0.131510
5 0.643555 0.072917 0.115234 0.143229
5 0.525391 0.289062 0.109375 0.177083
5 0.639648 0.306641 0.095703 0.160156
5 0.822266 0.331380 0.089844 0.152344
5 0.764648 0.560547 0.142578 0.188802
5 0.590820 0.547526 0.107422 0.204427
5 0.428711 0.541016 0.107422 0.201823
5 0.290039 0.529297 0.107422 0.188802
5 0.191406 0.758464 0.105469 0.188802
5 0.335938 0.787109 0.128906 0.240885
5 0.513672 0.792318 0.105469 0.188802
5 0.672852 0.810547 0.103516 0.225260
