6 0.262695 0.140625 0.150391 0.170139
6 0.383789 0.127604 0.087891 0.192708
6 0.477539 0.152778 0.095703 0.180556
6 0.551758 0.074653 0.126953 0.149306
6 0.317383 0.309028 0.107422 0.187500
6 0.439453 0.319444 0.101562 0.194444
6 0.530273 0.465278 0.111328 0.208333
6 0.619141 0.592014 0.085938 0.197917
6 0.418945 0.582465 0.107422 0.234375
6 0.328125 0.687500 0.101562 0.208333
6 0.415039 0.788194 0.103516 0.180556
6 0.520508 0.878472 0.130859 0.222222
6 0.412109 0.940972 0.101562 0.118056
6 0.307617 0.917535 0.095703 0.161458
