6 0.833984 0.163411 0.101562 0.186198
6 0.664062 0.091797 0.093750 0.183594
6 0.570312 0.116536 0.117188 0.233073
6 0.458008 0.076172 0.091797 0.152344
6 0.355469 0.078125 0.109375 0.156250
6 0.253418 0.089844 0.096680 0.148438
6 0.346680 0.309896 0.119141 0.203125
6 0.549805 0.332682 0.115234 0.201823
6 0.660156 0.356120 0.093750 0.144531
6 0.772461 0.337891 0.099609 0.207031
6 0.250977 0.539714 0.130859 0.183594
6 0.483398 0.565104 0.146484 0.197917
6 0.619141 0.582682 0.101562 0.180990
6 0.730469 0.580729 0.097656 0.182292
6 0.812500 0.598307 0.078125 0.144531
6 0.300781 0.722005 0.101562 0.277344
6 0.101562 0.807292 0.066406 0.182292
6 0.179688 0.815755 0.074219 0.147135
6 0.260742 0.837891 0.099609 0.186198
6 0.383789 0.833984 0.111328 0.199219
6 0.504883 0.856120 0.123047 0.165365
6 0.666992 0.848307 0.103516 0.149740
6 0.756836 0.804036 0.091797 0.175781
6 0.144043 0.955078 0.090820 0.087240
