12 0.678922 0.111111 0.220589 0.202614
12 0.134804 0.265522 0.138889 0.106209
12 0.300654 0.457516 0.104575 0.114379
12 0.411765 0.299019 0.300654 0.218955
12 0.425654 0.629085 0.174837 0.196078
12 0.402778 0.368464 0.112745 0.142156
12 0.493464 0.222222 0.238562 0.192810
12 0.559641 0.478758 0.197713 0.166667
12 0.700980 0.773693 0.228758 0.223856
12 0.655228 0.306372 0.114379 0.122549
12 0.821078 0.563725 0.236928 0.228759
12 0.834968 0.055556 0.183007 0.111111
12 0.875000 0.410947 0.240196 0.165033
12 0.872549 0.198529 0.189542 0.138889
