13 0.101562 0.607269 0.201563 0.363423
13 0.310547 0.560375 0.182032 0.283704
13 0.442968 0.558031 0.134375 0.199297
13 0.542578 0.529308 0.071094 0.184056
13 0.580078 0.515826 0.071094 0.152403
13 0.643360 0.510551 0.078907 0.116060
13 0.698437 0.504690 0.050000 0.085581
13 0.759766 0.501173 0.028906 0.083235
13 0.785157 0.499414 0.021875 0.063306
13 0.812110 0.490621 0.042969 0.057444
13 0.863671 0.486519 0.032031 0.046893
13 0.919140 0.474795 0.032031 0.032826
13 0.942969 0.472451 0.012500 0.032825
13 0.964843 0.472451 0.023437 0.032825
