13 0.019231 0.694687 0.038462 0.061875
13 0.034709 0.650312 0.069418 0.048125
13 0.056286 0.631563 0.097561 0.048125
13 0.093809 0.686250 0.105065 0.065000
13 0.098968 0.603438 0.094746 0.053125
13 0.157599 0.710312 0.131333 0.071875
13 0.158536 0.614687 0.076923 0.044375
13 0.229362 0.593750 0.074109 0.023750
13 0.255159 0.625000 0.110695 0.051250
13 0.260319 0.694063 0.115384 0.076875
13 0.272046 0.568438 0.097561 0.048125
13 0.293621 0.535000 0.090056 0.038750
13 0.297374 0.671563 0.076923 0.049375
13 0.334427 0.728125 0.121013 0.070000
13 0.318012 0.604063 0.076923 0.044375
13 0.342401 0.577813 0.078799 0.035625
13 0.365385 0.652813 0.094747 0.049375
13 0.363040 0.469063 0.069419 0.034375
13 0.371952 0.447813 0.072233 0.029375
13 0.379456 0.491563 0.066604 0.034375
13 0.389775 0.428437 0.066604 0.020625
13 0.410413 0.582812 0.066604 0.045625
13 0.419324 0.508437 0.084427 0.030625
13 0.411820 0.470000 0.063790 0.042500
13 0.430582 0.623750 0.097561 0.056250
13 0.409006 0.440312 0.043152 0.010625
13 0.424484 0.488125 0.064728 0.033750
13 0.448874 0.470000 0.051595 0.032500
13 0.547843 0.510313 0.105065 0.048125
13 0.582083 0.667500 0.102251 0.047500
13 0.698406 0.646250 0.059099 0.060000
