0 0.533050 0.770312 0.053824 0.035625
0 0.571293 0.773438 0.049103 0.039375
0 0.607649 0.377187 0.033050 0.053125
0 0.615203 0.785000 0.038716 0.023750
0 0.682719 0.725000 0.058545 0.041250
0 0.698300 0.946875 0.017941 0.031250
0 0.747403 0.577187 0.044382 0.035625
0 0.761095 0.912500 0.056657 0.037500
0 0.771955 0.872500 0.051936 0.038750
0 0.793673 0.529375 0.074599 0.042500
0 0.795089 0.836563 0.035883 0.025625
0 0.819169 0.549063 0.080264 0.044375
0 0.854108 0.844375 0.046270 0.031250
0 0.887629 0.446563 0.094429 0.066875
0 0.868272 0.978438 0.038716 0.025625
