7 0.498334 0.522917 0.843333 0.829167
7 0.027500 0.397917 0.055000 0.064583
7 0.035000 0.473438 0.070000 0.059375
7 0.066250 0.327604 0.132500 0.065625
7 0.085000 0.547917 0.118334 0.068750
7 0.121250 0.383333 0.137500 0.072917
7 0.179583 0.593229 0.095833 0.059375
7 0.195417 0.570833 0.127500 0.062500
7 0.197500 0.399479 0.101666 0.063542
7 0.207084 0.510938 0.120833 0.078125
7 0.256667 0.434375 0.150000 0.064584
7 0.296666 0.579167 0.128333 0.058333
7 0.353750 0.457292 0.080834 0.083333
7 0.405000 0.429688 0.080000 0.055209
7 0.516667 0.667709 0.123333 0.072917
7 0.523333 0.708854 0.050000 0.057292
7 0.546666 0.803125 0.063333 0.079166
7 0.629167 0.761459 0.135000 0.077083
7 0.642500 0.408854 0.086666 0.069792
7 0.705000 0.628125 0.075000 0.052084
7 0.720000 0.437500 0.050000 0.060416
7 0.758333 0.598437 0.101667 0.065625
7 0.762500 0.664062 0.090000 0.065625
7 0.766667 0.526042 0.098333 0.054167
7 0.769583 0.483854 0.099167 0.055208
7 0.797500 0.418229 0.048334 0.036458
7 0.812500 0.436979 0.035000 0.028125
7 0.835417 0.806771 0.064167 0.080208
7 0.864583 0.697396 0.119167 0.065625
7 0.882084 0.590625 0.140833 0.070834
7 0.835000 0.329167 0.043334 0.031250
7 0.872083 0.650521 0.062500 0.048958
7 0.875833 0.484896 0.070000 0.057292
7 0.914167 0.889062 0.135000 0.082291
7 0.902917 0.283334 0.029167 0.039583
7 0.923750 0.520833 0.049166 0.070833
7 0.930416 0.332292 0.045833 0.041667
7 0.955000 0.971354 0.088334 0.055208
7 0.927083 0.278646 0.030833 0.038542
7 0.946667 0.388541 0.033333 0.041667
7 0.964584 0.764583 0.069167 0.072917
7 0.986250 0.510417 0.025834 0.050000
