13 0.030000 0.224188 0.060000 0.259587
13 0.081875 0.448869 0.163750 0.374631
13 0.034375 0.833825 0.063750 0.330384
13 0.104688 0.223206 0.138125 0.237955
13 0.135625 0.743855 0.171250 0.380531
13 0.217188 0.458702 0.178125 0.305802
13 0.230938 0.199115 0.124375 0.290068
13 0.279063 0.748279 0.164375 0.324484
13 0.343125 0.981810 0.112500 0.034415
13 0.370000 0.428712 0.166250 0.306784
13 0.348125 0.193707 0.097500 0.251720
13 0.428437 0.706982 0.168125 0.330383
13 0.451875 0.200590 0.110000 0.249754
13 0.480313 0.913471 0.161875 0.171092
13 0.513750 0.432645 0.161250 0.253688
13 0.557813 0.654376 0.136875 0.327433
13 0.559062 0.201081 0.114375 0.209439
13 0.597500 0.903147 0.140000 0.191741
13 0.607187 0.406588 0.113125 0.266470
13 0.644375 0.194690 0.090000 0.222222
13 0.658125 0.897247 0.056250 0.203540
13 0.679062 0.297935 0.030625 0.092428
13 0.714063 0.157817 0.093125 0.280236
13 0.860313 0.201081 0.078125 0.193707
13 0.873125 0.365290 0.101250 0.223206
13 0.862813 0.640610 0.024375 0.197640
13 0.895312 0.910522 0.084375 0.176991
13 0.912187 0.209931 0.081875 0.219272
13 0.948750 0.857916 0.101250 0.250737
13 0.948125 0.584071 0.097500 0.249754
13 0.950625 0.369715 0.097500 0.241888
13 0.966562 0.205015 0.065625 0.189774
13 0.973750 0.554572 0.051250 0.263520
13 0.990312 0.297443 0.018125 0.063913
