9 0.033750 0.788750 0.028750 0.035834
9 0.062187 0.796667 0.028125 0.035000
9 0.068750 0.325000 0.033750 0.041666
9 0.085938 0.352500 0.029375 0.045000
9 0.121563 0.380834 0.033125 0.046667
9 0.243125 0.777083 0.080000 0.077500
9 0.233437 0.495417 0.019375 0.037500
9 0.270937 0.458334 0.016875 0.046667
9 0.271563 0.440417 0.018125 0.017500
9 0.288750 0.872500 0.025000 0.041666
9 0.293438 0.430000 0.025625 0.051666
9 0.297188 0.919583 0.023125 0.032500
9 0.300312 0.617500 0.026875 0.041666
9 0.309688 0.507500 0.021875 0.038334
9 0.319062 0.633334 0.028125 0.041667
9 0.317812 0.920000 0.023125 0.036666
9 0.327500 0.455000 0.032500 0.056666
9 0.327813 0.934584 0.019375 0.034167
9 0.343438 0.635834 0.020625 0.036667
9 0.348125 0.519583 0.027500 0.034167
9 0.408437 0.245833 0.136875 0.153333
9 0.470937 0.118750 0.159375 0.230834
9 0.457500 0.861250 0.121250 0.119166
9 0.487812 0.471250 0.109375 0.120834
9 0.636250 0.312500 0.035000 0.046666
9 0.667500 0.209166 0.035000 0.046667
9 0.696875 0.115417 0.037500 0.029167
9 0.726250 0.085834 0.038750 0.048333
9 0.724688 0.197083 0.025625 0.032500
9 0.756250 0.101667 0.035000 0.045000
9 0.769375 0.194584 0.025000 0.020833
9 0.787500 0.128333 0.032500 0.015000
9 0.828125 0.763333 0.026250 0.040000
9 0.831875 0.800000 0.026250 0.041666
9 0.843437 0.743333 0.025625 0.045000
9 0.861563 0.660000 0.028125 0.043334
9 0.868750 0.632084 0.025000 0.029167
9 0.891562 0.633750 0.018125 0.032500
9 0.946250 0.826666 0.025000 0.043333
9 0.956563 0.924167 0.026875 0.035000
9 0.972813 0.937917 0.018125 0.027500
9 0.986563 0.841667 0.025625 0.041667
9 0.986563 0.923334 0.025625 0.036667
