1 0.4546875 0.13984375 0.21015625 0.2796875
1 0.36015625 0.1703125 0.2203125 0.33984375
1 0.6703125 0.23515625 0.1796875 0.45
1 0.83515625 0.2546875 0.1703125 0.509375
1 0.4453125 0.475 0.1296875 0.1703125
1 0.5796875 0.4796875 0.1203125 0.1796875
1 0.56015625 0.5 0.86015625 1
1 0.7453125 0.56015625 0.1296875 0.2796875
1 0.85 0.675 0.16015625 0.35
1 0.6203125 0.7 0.16015625 0.5
1 0.4703125 0.7046875 0.1796875 0.48984375
1 0.325 0.725 0.1703125 0.45
1 0.23984375 0.775 0.1796875 0.4296875
1 0.725 0.875 0.1703125 0.25
1 0.88515625 0.88984375 0.15 0.2203125
