7 0.035000 0.496491 0.068750 0.280702
7 0.034375 0.927193 0.065000 0.117544
7 0.168750 0.924123 0.172500 0.150000
7 0.177812 0.603070 0.055625 0.178070
7 0.415625 0.834649 0.353750 0.176316
7 0.392188 0.647369 0.123125 0.071929
7 0.681875 0.329386 0.635000 0.395614
7 0.422500 0.604825 0.101250 0.109649
7 0.463438 0.048684 0.165625 0.097368
7 0.534062 0.158333 0.178125 0.155263
7 0.589687 0.559211 0.245625 0.190351
7 0.534062 0.747368 0.119375 0.049123
7 0.609063 0.659211 0.123125 0.078071
7 0.783750 0.870175 0.375000 0.257895
7 0.913750 0.208772 0.141250 0.126316
