13 0.5200892857142857 0.08258928571428571 0.15625 0.16517857142857142
13 0.6763392857142857 0.23883928571428573 0.16517857142857142 0.21875
13 0.5066964285714286 0.2767857142857143 0.17857142857142858 0.21428571428571427
13 0.4642857142857143 0.45535714285714285 0.16517857142857142 0.20535714285714285
13 0.640625 0.5066964285714286 0.19642857142857142 0.22767857142857142
13 0.8102678571428571 0.6205357142857143 0.17410714285714285 0.22767857142857142
13 0.35267857142857145 0.671875 0.16517857142857142 0.22321428571428573
13 0.47767857142857145 0.6361607142857143 0.14732142857142858 0.21428571428571427
13 0.49776785714285715 0.8325892857142857 0.16071428571428573 0.21875
13 0.6316964285714286 0.7254464285714286 0.16964285714285715 0.21428571428571427
13 0.7790178571428571 0.8392857142857143 0.18303571428571427 0.24553571428571427
13 0.640625 0.8883928571428571 0.18303571428571427 0.22321428571428573