7 0.739583 0.139323 0.100695 0.098958
7 0.032118 0.769532 0.039930 0.020833
7 0.064236 0.378906 0.027778 0.044271
7 0.226562 0.261719 0.036459 0.054687
7 0.351562 0.817708 0.064237 0.036459
7 0.359375 0.114583 0.065972 0.054687
7 0.404514 0.029296 0.128472 0.042969
7 0.414930 0.252604 0.045139 0.054688
7 0.458333 0.457682 0.097222 0.029948
7 0.456597 0.792969 0.069444 0.026042
7 0.486979 0.291015 0.067708 0.050781
7 0.493924 0.365235 0.032986 0.019531
7 0.498264 0.835938 0.031250 0.033855
7 0.516493 0.805339 0.067708 0.019531
7 0.522570 0.628907 0.055555 0.039063
7 0.578125 0.457031 0.159722 0.111979
7 0.532986 0.591145 0.052084 0.044271
7 0.559028 0.194661 0.090278 0.055989
7 0.549480 0.777344 0.043403 0.033854
7 0.566841 0.163411 0.050347 0.071615
7 0.573785 0.663411 0.060764 0.032553
7 0.579861 0.337240 0.059028 0.054687
7 0.585938 0.719401 0.060763 0.032552
7 0.588542 0.753255 0.059028 0.029948
7 0.592014 0.520182 0.065972 0.042969
7 0.598958 0.218099 0.062500 0.082032
7 0.601562 0.284505 0.067709 0.074219
7 0.610243 0.580730 0.081598 0.106771
7 0.638889 0.796224 0.100694 0.089844
7 0.633680 0.620443 0.045139 0.048177
7 0.668403 0.264323 0.100694 0.059896
7 0.660590 0.688802 0.046875 0.028646
7 0.666667 0.658203 0.059028 0.032552
7 0.664062 0.413411 0.039931 0.045573
7 0.671875 0.353515 0.055556 0.074219
7 0.673611 0.554037 0.059028 0.040365
7 0.671007 0.438802 0.039930 0.046875
7 0.677952 0.878256 0.043403 0.016927
7 0.695312 0.579427 0.050347 0.046875
7 0.694444 0.597657 0.031250 0.041667
7 0.713542 0.666015 0.041667 0.037761
7 0.733507 0.735026 0.081598 0.032552
7 0.731771 0.843098 0.029514 0.016927
7 0.738715 0.474610 0.039931 0.035157
