13 0.020313 0.838836 0.025625 0.062893
13 0.045000 0.833726 0.026250 0.052673
13 0.066562 0.449292 0.059375 0.065251
13 0.059375 0.743318 0.032500 0.062107
13 0.070312 0.504717 0.049375 0.055032
13 0.071563 0.838050 0.035625 0.051887
13 0.075625 0.686714 0.043750 0.058962
13 0.070938 0.609277 0.025625 0.048742
13 0.100937 0.627358 0.050625 0.062893
13 0.116875 0.479560 0.041250 0.067610
13 0.118125 0.369497 0.043750 0.053459
13 0.116250 0.745283 0.028750 0.040880
13 0.127188 0.426100 0.048125 0.059749
13 0.125625 0.820755 0.042500 0.066038
13 0.119062 0.696148 0.023125 0.035377
13 0.148438 0.307783 0.049375 0.049528
13 0.150938 0.259434 0.040625 0.033018
13 0.165313 0.207940 0.050625 0.049528
13 0.181562 0.277515 0.048125 0.051887
13 0.243125 0.397013 0.045000 0.056603
13 0.262188 0.897012 0.034375 0.053459
13 0.276875 0.899764 0.043750 0.041666
13 0.301250 0.919811 0.041250 0.039308
13 0.321250 0.311321 0.042500 0.056604
13 0.331250 0.247641 0.046250 0.053459
13 0.472187 0.209119 0.199375 0.405661
13 0.455000 0.549135 0.093750 0.151730
13 0.608750 0.673742 0.202500 0.169812
13 0.615000 0.398978 0.102500 0.098270
13 0.740000 0.392689 0.106250 0.241352
13 0.736563 0.060142 0.034375 0.043239
13 0.767188 0.068789 0.038125 0.049528
13 0.850937 0.570755 0.051875 0.088050
13 0.897812 0.494103 0.036875 0.044811
13 0.936250 0.688286 0.072500 0.117138
13 0.941562 0.588050 0.036875 0.039308
13 0.955000 0.524764 0.045000 0.044812
