10 0.272187 0.153302 0.075625 0.112264
10 0.058125 0.056604 0.115000 0.113208
10 0.047187 0.207076 0.085625 0.148113
10 0.090625 0.153774 0.057500 0.069811
10 0.102188 0.583019 0.041875 0.069812
10 0.221250 0.121226 0.057500 0.104717
10 0.379688 0.456604 0.028125 0.024528
10 0.390000 0.411792 0.046250 0.040566
10 0.468125 0.498113 0.041250 0.047170
10 0.465938 0.348113 0.024375 0.052830
10 0.520937 0.455660 0.019375 0.047170
10 0.658438 0.048585 0.031875 0.040566
10 0.692812 0.039151 0.021875 0.044340
10 0.729375 0.170283 0.033750 0.063208
10 0.756563 0.108490 0.025625 0.056603
