12 0.212586 0.445000 0.142142 0.100000
12 0.227614 0.553125 0.114590 0.112500
12 0.274577 0.350312 0.133375 0.119375
12 0.271134 0.658125 0.120225 0.148750
12 0.337821 0.750313 0.119600 0.118125
12 0.357858 0.274062 0.128365 0.128125
12 0.429555 0.807500 0.117721 0.122500
12 0.457107 0.214375 0.107702 0.117500
12 0.527864 0.829688 0.112711 0.119375
12 0.565748 0.196563 0.119599 0.113125
12 0.628992 0.785313 0.133375 0.140625
12 0.662179 0.256250 0.114590 0.122500
12 0.710394 0.713750 0.118347 0.126250
12 0.726361 0.341562 0.140263 0.150625
12 0.793049 0.640625 0.137133 0.133750
12 0.800877 0.441563 0.107702 0.114375
12 0.834064 0.535625 0.116468 0.131250
