10 0.768750 0.886718 0.193750 0.173437
10 0.187500 0.560937 0.231250 0.115625
10 0.205468 0.404687 0.210937 0.103125
10 0.217188 0.250781 0.212501 0.114063
10 0.220312 0.120313 0.218751 0.109375
10 0.221875 0.854688 0.221875 0.190625
10 0.435157 0.170312 0.148437 0.237500
10 0.536718 0.689063 0.148437 0.168750
10 0.630468 0.150000 0.117187 0.228125
10 0.652343 0.399219 0.148437 0.120312
10 0.742188 0.522656 0.159375 0.117187
10 0.780469 0.646875 0.160937 0.118750
10 0.806250 0.146094 0.140625 0.232813
10 0.820312 0.375000 0.134375 0.125000
