1 0.556840 0.686865 0.225464 0.283745
1 0.441645 0.127721 0.188329 0.220610
1 0.855248 0.405660 0.203865 0.181422
1 0.754831 0.787373 0.253884 0.290276
1 0.195150 0.470610 0.194013 0.244557
1 0.664456 0.513425 0.223948 0.254717
1 0.851838 0.603048 0.204623 0.277213
1 0.525199 0.246372 0.178856 0.218433
1 0.885373 0.243832 0.206518 0.197388
1 0.125995 0.682874 0.225464 0.284470
1 0.004358 0.530403 0.008715 0.008708
1 0.708791 0.177794 0.194392 0.216255
1 0.285335 0.263062 0.169761 0.199565
1 0.657635 0.329463 0.211065 0.187228
1 0.473854 0.479681 0.199697 0.256894
1 0.360174 0.363208 0.191360 0.230044
1 0.343691 0.633890 0.206897 0.295356
