0 0.061617 0.809140 0.102826 0.107527
0 0.060047 0.717294 0.069858 0.068996
0 0.071428 0.891129 0.092621 0.122760
0 0.072606 0.354839 0.062010 0.103943
0 0.116169 0.456541 0.078493 0.113799
0 0.110675 0.551075 0.056514 0.094982
0 0.150706 0.929659 0.075353 0.128137
0 0.171900 0.812276 0.094191 0.169354
0 0.245683 0.841846 0.117740 0.095878
0 0.245290 0.367831 0.091837 0.085125
0 0.241366 0.694445 0.066719 0.098567
0 0.251177 0.935932 0.076923 0.108423
0 0.272371 0.708782 0.064365 0.107527
0 0.378336 0.882169 0.089482 0.060035
0 0.394819 0.784050 0.086343 0.150538
0 0.416013 0.686828 0.050235 0.068996
0 0.477629 0.488799 0.063579 0.074373
0 0.479200 0.829302 0.062009 0.079749
0 0.574176 0.937724 0.072998 0.079750
0 0.589089 0.773746 0.099686 0.065413
0 0.602041 0.573029 0.092622 0.129928
0 0.598116 0.684140 0.051805 0.117384
0 0.618525 0.469086 0.083203 0.119176
0 0.625981 0.873208 0.065149 0.085126
0 0.694662 0.709229 0.080063 0.126344
0 0.700942 0.870520 0.072214 0.079749
0 0.699765 0.808692 0.066719 0.076165
0 0.710361 0.529570 0.084772 0.094982
0 0.736656 0.049283 0.055730 0.098566
0 0.841052 0.727599 0.052590 0.051971
0 0.895997 0.723118 0.060440 0.073477
0 0.917582 0.542563 0.072213 0.076165
