0 0.667722 0.268203 0.166667 0.157767
0 0.009494 0.398058 0.018987 0.067961
0 0.016878 0.158980 0.033755 0.089805
0 0.060126 0.400485 0.082279 0.092233
0 0.053797 0.140776 0.052743 0.058253
0 0.060127 0.305825 0.040085 0.058252
0 0.136076 0.649272 0.040084 0.055825
0 0.150844 0.689321 0.056962 0.072815
0 0.238396 0.031553 0.063291 0.063107
0 0.246835 0.319175 0.071730 0.046116
0 0.317511 0.072816 0.120253 0.135923
0 0.318565 0.262136 0.067511 0.097088
0 0.570675 0.337378 0.099156 0.097087
0 0.581223 0.404126 0.048523 0.036408
0 0.684600 0.473301 0.137131 0.155340
0 0.780590 0.433252 0.109705 0.143204
0 0.770042 0.798543 0.075949 0.092233
0 0.928270 0.302184 0.139240 0.162621
0 0.930380 0.457525 0.135021 0.157767
