3 0.255312 0.345000 0.098125 0.096666
3 0.319688 0.537917 0.129375 0.175833
3 0.329375 0.160833 0.086250 0.103333
3 0.390937 0.302084 0.105625 0.175833
3 0.408750 0.191667 0.046250 0.071667
3 0.466875 0.476667 0.116250 0.150000
3 0.495937 0.331667 0.104375 0.150000
3 0.515625 0.160833 0.115000 0.155000
3 0.520625 0.694583 0.122500 0.117500
3 0.596250 0.526667 0.106250 0.140000
3 0.586875 0.377084 0.077500 0.125833
3 0.626563 0.135417 0.101875 0.132500
3 0.674375 0.256250 0.105000 0.149166
3 0.682813 0.561667 0.108125 0.145000
3 0.687500 0.412917 0.076250 0.100833
