7 0.036000 0.357778 0.045334 0.024000
7 0.054667 0.386223 0.036000 0.018667
7 0.116334 0.443111 0.032667 0.025778
7 0.144000 0.339111 0.025334 0.024000
7 0.154333 0.372000 0.020667 0.024000
7 0.192333 0.341778 0.024667 0.018667
7 0.199000 0.427111 0.022000 0.034666
7 0.228334 0.372000 0.031333 0.024000
7 0.241000 0.429778 0.018000 0.022222
7 0.258000 0.434222 0.028000 0.020444
7 0.250667 0.386222 0.009333 0.022222
7 0.271000 0.364889 0.020666 0.031111
7 0.315667 0.355111 0.022000 0.025778
7 0.343666 0.430667 0.023333 0.027555
7 0.350000 0.394223 0.033334 0.016889
7 0.378333 0.407111 0.020667 0.019556
7 0.398666 0.587111 0.045333 0.040000
7 0.412666 0.639111 0.042667 0.049778
7 0.403667 0.685778 0.016667 0.036444
7 0.457333 0.333333 0.016000 0.016000
7 0.461333 0.290222 0.008000 0.022222
7 0.485000 0.412000 0.035334 0.031112
7 0.477333 0.478667 0.014667 0.025778
7 0.488333 0.456000 0.028667 0.026666
7 0.509333 0.652000 0.044000 0.048888
7 0.525000 0.472445 0.027334 0.038223
7 0.542334 0.427111 0.024667 0.027556
7 0.575000 0.412000 0.034000 0.034666
7 0.592000 0.793333 0.060000 0.040000
7 0.612000 0.375556 0.017334 0.020445
7 0.621000 0.388889 0.016666 0.025778
7 0.643000 0.309333 0.008666 0.016000
7 0.659667 0.376445 0.008667 0.016889
7 0.684000 0.488000 0.041334 0.048000
7 0.726000 0.728889 0.045334 0.060444
7 0.718333 0.404889 0.023333 0.022222
7 0.716000 0.312445 0.010666 0.022223
7 0.722000 0.514222 0.022666 0.025778
7 0.740667 0.280889 0.010667 0.017778
7 0.747000 0.305333 0.015334 0.025778
7 0.749667 0.326667 0.012667 0.024000
7 0.762333 0.504445 0.022000 0.015111
7 0.764333 0.411111 0.008667 0.020444
7 0.783000 0.579111 0.016666 0.024000
7 0.816333 0.318667 0.022000 0.025778
7 0.878333 0.478667 0.022000 0.036445
7 0.920667 0.248889 0.008000 0.016000
7 0.938333 0.582666 0.027333 0.034667
7 0.983000 0.508000 0.026000 0.029334
