6 0.887500 0.222917 0.120834 0.158333
6 0.077083 0.606250 0.033334 0.070834
6 0.271875 0.418750 0.043751 0.087499
6 0.431250 0.183334 0.079166 0.087499
6 0.485417 0.046874 0.154166 0.068750
6 0.497917 0.404166 0.054167 0.087501
6 0.550000 0.732291 0.116666 0.047917
6 0.584375 0.465625 0.081250 0.081250
6 0.592709 0.584375 0.039583 0.031250
6 0.693750 0.731250 0.191666 0.179166
6 0.639583 0.945833 0.062501 0.070834
6 0.670834 0.311458 0.108334 0.089582
6 0.680209 0.261458 0.060416 0.114584
6 0.695833 0.539583 0.070834 0.087499
6 0.710417 0.832292 0.079166 0.068750
6 0.718750 0.348958 0.075000 0.131251
6 0.721875 0.455209 0.081251 0.118750
6 0.732292 0.929167 0.097918 0.170834
6 0.760417 0.992708 0.054167 0.077083
6 0.802084 0.422917 0.120833 0.095834
6 0.796875 0.661458 0.047917 0.072917
6 0.806250 0.565625 0.066667 0.118750
6 0.808333 0.886458 0.070834 0.064584
6 0.805208 0.702084 0.047916 0.075000
6 0.834375 0.927084 0.060416 0.075000
6 0.833333 0.956250 0.037500 0.066667
6 0.886459 0.759375 0.047917 0.056251
