7 0.115629 0.592500 0.231257 0.385000
7 0.235261 0.763000 0.440490 0.246000
7 0.516074 0.939500 0.405451 0.189000
7 0.522581 0.804000 0.402447 0.142000
7 0.510568 0.564000 0.142158 0.082000
7 0.610680 0.294500 0.254283 0.281000
7 0.594161 0.689500 0.205229 0.087000
7 0.564128 0.493000 0.129144 0.104000
7 0.667743 0.453500 0.200223 0.085000
7 0.666742 0.616000 0.180200 0.098000
7 0.807398 0.780000 0.151168 0.088000
7 0.852949 0.533500 0.142159 0.109000
7 0.889490 0.713000 0.199221 0.112000
7 0.850947 0.044000 0.112124 0.088000
7 0.860958 0.241500 0.066074 0.065000
7 0.899501 0.644500 0.131146 0.091000
7 0.993606 0.767500 0.091102 0.073000
