7 0.224500 0.178178 0.039000 0.098098
7 0.364500 0.560059 0.041000 0.037037
7 0.419000 0.126626 0.100000 0.029029
7 0.394500 0.179179 0.019000 0.068068
7 0.467000 0.235736 0.114000 0.049049
7 0.453000 0.549048 0.070000 0.047048
7 0.446500 0.024525 0.033000 0.037038
7 0.450500 0.283784 0.037000 0.015015
7 0.485500 0.408908 0.095000 0.039039
7 0.525000 0.171171 0.104000 0.076075
7 0.496500 0.018518 0.043000 0.037037
7 0.509000 0.347847 0.068000 0.031030
7 0.514500 0.658157 0.037000 0.025026
7 0.539500 0.482982 0.047000 0.039038
7 0.585000 0.250250 0.108000 0.078078
7 0.573000 0.112612 0.076000 0.033034
7 0.572500 0.583583 0.047000 0.060060
7 0.581500 0.424424 0.037000 0.058057
7 0.647500 0.522022 0.111000 0.109109
7 0.623500 0.637637 0.043000 0.074075
7 0.670000 0.739738 0.110000 0.076076
7 0.666000 0.313313 0.062000 0.086086
7 0.686000 0.588588 0.078000 0.082083
7 0.706000 0.428428 0.068000 0.090090
7 0.714000 0.484984 0.072000 0.027026
7 0.730500 0.664664 0.079000 0.028028
7 0.720500 0.228228 0.051000 0.088088
7 0.744500 0.859358 0.039000 0.049049
7 0.789000 0.422422 0.054000 0.082082
7 0.846500 0.735234 0.061000 0.063063
7 0.845500 0.271771 0.047000 0.055055
7 0.873000 0.394394 0.070000 0.076076
7 0.905500 0.332832 0.107000 0.051052
7 0.888500 0.495995 0.051000 0.037037
7 0.901500 0.906905 0.065000 0.176176
7 0.945500 0.576075 0.137000 0.057057
7 0.929500 0.784783 0.035000 0.104104
7 0.938500 0.635134 0.033000 0.039039
7 0.958000 0.414414 0.034000 0.078078
7 0.976500 0.286286 0.051000 0.076076
7 0.989000 0.473473 0.068000 0.074074
