7 0.050500 0.725429 0.101000 0.054032
7 0.140500 0.830991 0.105000 0.035021
7 0.206000 0.644881 0.192000 0.151089
7 0.302500 0.918543 0.285000 0.056033
7 0.342500 0.460773 0.183000 0.083049
7 0.395500 0.621868 0.231000 0.057033
7 0.356000 0.927549 0.140000 0.056033
7 0.438000 0.783463 0.124000 0.100059
7 0.504500 0.554328 0.235000 0.056033
7 0.561000 0.243143 0.170000 0.034020
7 0.618500 0.446764 0.203000 0.063038
7 0.673000 0.899032 0.216000 0.135080
7 0.665500 0.799973 0.197000 0.133078
7 0.714500 0.680903 0.259000 0.061037
7 0.644000 0.589349 0.092000 0.070041
7 0.708000 0.291172 0.164000 0.044026
7 0.776500 0.600355 0.201000 0.052031
7 0.861500 0.747442 0.283000 0.120071
7 0.845500 0.521808 0.189000 0.061036
7 0.868000 0.495293 0.192000 0.030017
7 0.911000 0.383227 0.272000 0.050031
7 0.922000 0.517306 0.242000 0.062037
7 1.000000 0.602857 0.168000 0.081048
