7 0.084000 0.853000 0.168000 0.126000
7 0.150500 0.261000 0.155000 0.058001
7 0.166000 0.477000 0.128000 0.163999
7 0.244000 0.577000 0.176000 0.112000
7 0.218000 0.762000 0.112000 0.079999
7 0.272000 0.486000 0.132000 0.178001
7 0.283500 0.227500 0.155000 0.037000
7 0.274000 0.856500 0.128000 0.148999
7 0.300500 0.329000 0.161000 0.050000
7 0.286500 0.158500 0.099000 0.043000
7 0.383000 0.892000 0.252000 0.176000
7 0.363500 0.208500 0.139000 0.043001
7 0.355500 0.267000 0.085000 0.070001
7 0.594000 0.828000 0.186000 0.076001
7 0.596000 0.529500 0.120000 0.153000
7 0.667500 0.650500 0.209000 0.113000
7 0.625000 0.221500 0.108000 0.049000
7 0.665500 0.367500 0.085000 0.151001
7 0.678000 0.255500 0.068000 0.081000
7 0.798000 0.239000 0.130000 0.060000
7 0.778000 0.179000 0.086000 0.060000
7 0.794500 0.392000 0.119000 0.138000
7 0.822500 0.632000 0.073000 0.138000
7 0.853500 0.869500 0.055000 0.167000
7 0.868000 0.438000 0.068000 0.126000
7 0.932000 0.591500 0.146000 0.149000
7 0.902000 0.718500 0.058000 0.076999
7 0.925000 0.296000 0.062000 0.128000
7 0.945500 0.243500 0.095000 0.101000
7 0.957500 0.505000 0.087000 0.186000
7 0.987500 0.244500 0.101000 0.099000
