7 0.176500 0.034538 0.137000 0.067075
7 0.165500 0.755341 0.053000 0.035039
7 0.214500 0.258288 0.033000 0.030034
7 0.249000 0.321858 0.016000 0.035039
7 0.317000 0.057064 0.136000 0.064072
7 0.281000 0.484038 0.048000 0.033037
7 0.303500 0.272804 0.051000 0.039043
7 0.315500 0.457009 0.039000 0.043047
7 0.333500 0.503060 0.037000 0.037041
7 0.364000 0.444995 0.046000 0.045050
7 0.380500 0.552115 0.049000 0.045050
7 0.398000 0.144661 0.056000 0.045049
7 0.471500 0.967076 0.149000 0.076085
7 0.432500 0.371914 0.043000 0.041046
7 0.456000 0.065073 0.086000 0.068076
7 0.430500 0.483037 0.031000 0.057064
7 0.465500 0.907510 0.047000 0.031035
7 0.535000 0.459011 0.174000 0.069077
7 0.460000 0.342381 0.008000 0.026030
7 0.510000 0.045050 0.086000 0.076084
7 0.579000 0.208732 0.168000 0.113126
7 0.557500 0.351892 0.023000 0.033037
7 0.640000 0.141157 0.174000 0.104116
7 0.594500 0.799389 0.059000 0.037041
7 0.606000 0.082592 0.078000 0.045050
7 0.605000 0.353894 0.052000 0.033037
7 0.614500 0.291825 0.041000 0.029032
7 0.702500 0.048053 0.127000 0.074082
7 0.692000 0.265295 0.050000 0.024027
7 0.722000 0.290824 0.096000 0.037042
7 0.834500 0.809901 0.223000 0.074082
7 0.748500 0.193715 0.043000 0.031035
7 0.823500 0.204227 0.107000 0.088097
7 0.816000 0.529089 0.056000 0.041045
7 0.839500 0.865463 0.099000 0.043047
7 0.856000 0.259288 0.128000 0.092103
7 0.902500 0.019021 0.129000 0.038042
