6 0.094000 0.235111 0.188000 0.168079
6 0.112500 0.046022 0.225000 0.092043
6 0.112500 0.091043 0.225000 0.088042
6 0.137500 0.141566 0.269000 0.091043
6 0.177500 0.444209 0.259000 0.184087
6 0.188500 0.691826 0.269000 0.119055
6 0.124000 0.270127 0.102000 0.062030
6 0.213500 0.529749 0.269000 0.143067
6 0.235000 0.274129 0.250000 0.132062
6 0.253500 0.206597 0.205000 0.095044
6 0.291000 0.150071 0.252000 0.080038
6 0.293000 0.026513 0.244000 0.053025
6 0.283000 0.558262 0.216000 0.082039
6 0.257500 0.066031 0.147000 0.070034
6 0.313000 0.716337 0.226000 0.102048
6 0.315000 0.699329 0.230000 0.170081
6 0.303500 0.619792 0.179000 0.049023
6 0.290000 0.391184 0.148000 0.136064
6 0.310000 0.394185 0.162000 0.138066
6 0.344500 0.823388 0.195000 0.144069
6 0.373000 0.968455 0.244000 0.172081
6 0.355000 0.755356 0.166000 0.110052
6 0.399000 0.122057 0.242000 0.086040
6 0.420500 0.980461 0.277000 0.162076
6 0.385500 0.017508 0.171000 0.035017
6 0.437500 0.376177 0.275000 0.076036
6 0.406500 0.826389 0.203000 0.154072
6 0.365000 0.420198 0.112000 0.084040
6 0.419500 0.094544 0.217000 0.141066
6 0.778000 0.643803 0.898000 0.683321
6 0.444000 0.842397 0.218000 0.174082
6 0.455000 0.194592 0.232000 0.119055
6 0.509500 0.013506 0.225000 0.027013
6 0.510500 0.367173 0.199000 0.162077
6 0.534000 0.967956 0.176000 0.125058
6 0.551500 0.106050 0.149000 0.066031
6 0.563000 0.284134 0.152000 0.068032
6 0.597500 0.244115 0.201000 0.148070
6 0.601000 0.041019 0.182000 0.082039
6 0.621500 0.136064 0.211000 0.076036
6 0.614000 0.351665 0.156000 0.111052
6 0.633500 0.958951 0.153000 0.119056
6 0.675500 0.973958 0.233000 0.175082
6 0.664000 0.345163 0.154000 0.110052
6 0.670500 0.088542 0.125000 0.051024
6 0.743500 0.272128 0.217000 0.094045
6 0.733000 0.224606 0.188000 0.097046
6 0.748000 0.038018 0.162000 0.076036
6 0.752500 0.160075 0.171000 0.062029
6 0.788500 0.313147 0.201000 0.098045
6 0.727500 0.123558 0.047000 0.039019
6 0.835500 0.070033 0.201000 0.070033
6 0.786000 0.106050 0.090000 0.058027
6 0.863000 0.955950 0.178000 0.095044
6 0.875500 0.196092 0.133000 0.068033
6 0.826500 0.230609 0.031000 0.035017
6 0.898000 0.138565 0.174000 0.059027
6 0.859000 0.237612 0.056000 0.045021
6 0.918500 0.114553 0.137000 0.037018
6 0.912500 0.267626 0.113000 0.045021
6 0.964500 0.286635 0.185000 0.065031
6 0.913500 0.079037 0.037000 0.034016
6 0.960500 0.180585 0.119000 0.045021
6 0.994500 0.244615 0.113000 0.031014
