7 0.045000 0.057000 0.058000 0.055999
7 0.063500 0.191000 0.025000 0.044000
7 0.208500 0.263500 0.033000 0.031000
7 0.328000 0.246500 0.024000 0.039000
7 0.372500 0.283000 0.023000 0.034000
7 0.481500 0.162000 0.031000 0.018000
7 0.529500 0.198500 0.031000 0.025000
7 0.648500 0.418000 0.099000 0.060000
7 0.776500 0.492000 0.037000 0.049999
7 0.806500 0.261500 0.039000 0.031000
7 0.806500 0.229500 0.031000 0.028999
7 0.828000 0.279000 0.016000 0.019999
7 0.839500 0.268500 0.023000 0.016999
7 0.890500 0.095500 0.029000 0.029000
7 0.908500 0.390500 0.033000 0.029000
7 0.904500 0.280500 0.021000 0.028999
7 0.933500 0.386500 0.029000 0.025000
7 0.954500 0.401500 0.025000 0.035000
7 0.987500 0.362500 0.045000 0.027000
