10 0.3234375 0.4203125 0.10546875 0.15390625
10 0.490625 0.409375 0.10078125 0.14609375
10 0.70078125 0.4375 0.1109375 0.171875
10 0.72109375 0.1078125 0.09921875 0.14296875
10 0.49921875 0.271875 0.10078125 0.14296875
10 0.4921875 0.40546875 0.10078125 0.153125
10 0.7609375 0.73359375 0.11015625 0.1859375
10 0.5140625 0.659375 0.1015625 0.153125
10 0.2328125 0.7140625 0.1234375 0.16640625
10 0.17890625 0.49140625 0.11171875 0.1640625
10 0.2015625 0.1640625 0.1 0.121875
10 0.58671875 0.371875 0.10625 0.146875
10 0.6890625 0.23359375 0.08125 0.128125
10 0.9125 0.09296875 0.1046875 0.175
10 0.86875 0.6890625 0.1015625 0.15546875
10 0.41328125 0.878125 0.09375 0.171875
10 0.3359375 0.778125 0.109375 0.1484375
10 0.05078125 0.634375 0.10078125 0.1765625