5 0.15859375 0.275 0.10390625 0.1984375
5 0.24765625 0.26484375 0.10546875 0.22109375
5 0.35 0.26640625 0.11953125 0.21796875
5 0.48046875 0.26171875 0.165625 0.25390625
5 0.6296875 0.26328125 0.12890625 0.2171875
5 0.7734375 0.28828125 0.1359375 0.20078125
5 0.80625 0.515625 0.10703125 0.23671875
5 0.6671875 0.515625 0.12890625 0.23671875
5 0.53359375 0.50625 0.146875 0.23046875
5 0.35234375 0.51328125 0.153125 0.2171875
5 0.19609375 0.50859375 0.115625 0.2015625
5 0.41640625 0.79453125 0.1375 0.22109375
5 0.2921875 0.7859375 0.1265625 0.23671875
5 0.58828125 0.79453125 0.11875 0.2125
5 0.6921875 0.796875 0.0984375 0.2328125
5 0.77890625 0.8015625 0.08203125 0.2078125
5 0.5390625 0.06328125 0.12265625 0.12578125
5 0.3984375 0.05078125 0.1359375 0.10078125
5 0.284375 0.95 0.13125 0.1
5 0.4046875 0.95625 0.128125 0.0875
5 0.5171875 0.9671875 0.10390625 0.065625
5 0.61953125 0.9546875 0.10078125 0.090625
5 0.715625 0.9609375 0.09921875 0.078125
5 0.80859375 0.95625 0.0921875 0.0875