5 0.26015625 0.05859375 0.1046875 0.11640625
5 0.371875 0.0640625 0.1109375 0.128125
5 0.6265625 0.0640625 0.11875 0.1265625
5 0.7421875 0.07734375 0.125 0.15390625
5 0.8140625 0.31015625 0.0984375 0.15859375
5 0.6890625 0.284375 0.1328125 0.18203125
5 0.56015625 0.2578125 0.1203125 0.22109375
5 0.43984375 0.26484375 0.125 0.1796875
5 0.32265625 0.25546875 0.0953125 0.190625
5 0.20703125 0.2625 0.1046875 0.1625
5 0.24375 0.51640625 0.11171875 0.1609375
5 0.3609375 0.5046875 0.09296875 0.18046875
5 0.48359375 0.5 0.1265625 0.19765625
5 0.62109375 0.50390625 0.15859375 0.25703125
5 0.63203125 0.7765625 0.12734375 0.1671875
5 0.3421875 0.76015625 0.134375 0.14375
5 0.23359375 0.9296875 0.115625 0.140625
5 0.36328125 0.9609375 0.125 0.078125
5 0.509375 0.95703125 0.1375 0.08515625