5 0.14921875 0.22265625 0.109375 0.18984375
5 0.3390625 0.21171875 0.15703125 0.19609375
5 0.54296875 0.215625 0.1328125 0.19921875
5 0.66953125 0.2296875 0.1296875 0.19453125
5 0.78046875 0.25859375 0.1 0.196875
5 0.58203125 0.4671875 0.13203125 0.2375
5 0.453125 0.47421875 0.128125 0.2015625
5 0.334375 0.459375 0.11953125 0.209375
5 0.2171875 0.4609375 0.10703125 0.19453125
5 0.1671875 0.70859375 0.11484375 0.17578125
5 0.3328125 0.7453125 0.10234375 0.1703125
5 0.5109375 0.75234375 0.115625 0.16640625
5 0.66328125 0.734375 0.13125 0.203125
5 0.82109375 0.734375 0.1234375 0.203125
5 0.11015625 0.9 0.0875 0.19296875
5 0.21015625 0.92265625 0.10390625 0.1546875
5 0.34453125 0.93515625 0.109375 0.12890625
5 0.5578125 0.95703125 0.096875 0.08515625
5 0.66875 0.94453125 0.10078125 0.1109375
5 0.76015625 0.946875 0.0828125 0.10625
5 0.46484375 0.95234375 0.1046875 0.0953125
5 0.64765625 0.05859375 0.1296875 0.10546875
5 0.5359375 0.04296875 0.0890625 0.0859375
5 0.43359375 0.0328125 0.1125 0.065625
5 0.32421875 0.04765625 0.09453125 0.0953125