5 0.80625 0.1171875 0.1171875 0.18359375
5 0.68671875 0.09609375 0.10546875 0.1609375
5 0.584375 0.084375 0.10859375 0.15859375
5 0.43671875 0.078125 0.14296875 0.15625
5 0.28046875 0.07890625 0.1140625 0.1578125
5 0.6359375 0.32734375 0.134375 0.20234375
5 0.384375 0.271875 0.15859375 0.19765625
5 0.24609375 0.31015625 0.10625 0.18125
5 0.1296875 0.28203125 0.10546875 0.2
5 0.10703125 0.5421875 0.0890625 0.1796875
5 0.26953125 0.51640625 0.10703125 0.25
5 0.37890625 0.54765625 0.125 0.20546875
5 0.4984375 0.55390625 0.1421875 0.21328125
5 0.61953125 0.57734375 0.1015625 0.175
5 0.7296875 0.56875 0.12421875 0.1734375
5 0.63359375 0.82578125 0.115625 0.1875
5 0.50703125 0.83828125 0.12890625 0.171875
5 0.2984375 0.80546875 0.13515625 0.17890625
5 0.11015625 0.9453125 0.0984375 0.10703125