5 0.7046875 0.10703125 0.1265625 0.153125
5 0.5703125 0.07890625 0.128125 0.1578125
5 0.46875 0.07578125 0.103125 0.15078125
5 0.36328125 0.07734375 0.1203125 0.15390625
5 0.26171875 0.08359375 0.0984375 0.1671875
5 0.16328125 0.084375 0.1015625 0.16875
5 0.15078125 0.2921875 0.1171875 0.19453125
5 0.2625 0.29140625 0.1078125 0.1703125
5 0.43125 0.2875 0.12578125 0.2078125
5 0.55703125 0.30546875 0.1203125 0.19765625
5 0.6875 0.31875 0.10703125 0.1828125
5 0.796875 0.55234375 0.12109375 0.2109375
5 0.653125 0.5453125 0.1421875 0.225
5 0.4859375 0.53671875 0.12421875 0.21640625
5 0.34140625 0.534375 0.12265625 0.20703125
5 0.1984375 0.5078125 0.125 0.20859375
5 0.29609375 0.81171875 0.109375 0.20078125
5 0.4140625 0.82421875 0.1234375 0.18984375
5 0.521875 0.82890625 0.10546875 0.28125
5 0.63515625 0.80625 0.1140625 0.2328125