5 0.82734375 0.096875 0.109375 0.18125
5 0.68984375 0.0640625 0.1140625 0.128125
5 0.57109375 0.06171875 0.1328125 0.1234375
5 0.43515625 0.04765625 0.1234375 0.0953125
5 0.3171875 0.0453125 0.11015625 0.090625
5 0.14296875 0.06484375 0.0921875 0.1296875
5 0.33125 0.253125 0.10859375 0.17109375
5 0.44453125 0.2359375 0.10390625 0.17421875
5 0.546875 0.24609375 0.103125 0.21328125
5 0.65078125 0.26796875 0.103125 0.20234375
5 0.759375 0.29609375 0.09453125 0.1421875
5 0.725 0.521875 0.11875 0.1765625
5 0.67421875 0.76796875 0.11484375 0.17890625
5 0.540625 0.50703125 0.13671875 0.19453125
5 0.3390625 0.48984375 0.13515625 0.21015625
5 0.22890625 0.4921875 0.11328125 0.1875
5 0.13203125 0.7171875 0.11484375 0.178125
5 0.31875 0.7375 0.13984375 0.2109375
5 0.51015625 0.76015625 0.140625 0.2
5 0.52734375 0.909375 0.1203125 0.18125
5 0.20859375 0.93828125 0.1328125 0.12265625
5 0.74296875 0.95859375 0.13828125 0.0828125
5 0.3625 0.959375 0.090625 0.08125
5 0.4578125 0.9453125 0.096875 0.109375