5 0.24453125 0.22421875 0.1171875 0.1828125
5 0.34921875 0.22734375 0.09453125 0.2171875
5 0.46875 0.209375 0.1484375 0.2375
5 0.6078125 0.22890625 0.1140625 0.184375
5 0.7875 0.24453125 0.1328125 0.21953125
5 0.75234375 0.48671875 0.1109375 0.16171875
5 0.65 0.47578125 0.1125 0.190625
5 0.5296875 0.4578125 0.1390625 0.21953125
5 0.41015625 0.46484375 0.12265625 0.20546875
5 0.26171875 0.45 0.14453125 0.22734375
5 0.18984375 0.71796875 0.1296875 0.184375
5 0.3546875 0.74296875 0.13203125 0.18515625
5 0.47265625 0.7265625 0.10390625 0.215625
5 0.5953125 0.7578125 0.1203125 0.14453125
5 0.703125 0.7296875 0.10703125 0.20859375
5 0.82734375 0.7390625 0.09140625 0.18984375
5 0.51796875 0.9125 0.14609375 0.171875
5 0.38125 0.9421875 0.13046875 0.10546875
5 0.2640625 0.94296875 0.109375 0.1140625
5 0.76015625 0.94765625 0.0984375 0.1046875
5 0.6640625 0.05 0.11328125 0.1
5 0.56015625 0.03515625 0.11015625 0.06953125
5 0.13359375 0.04296875 0.0875 0.0859375