5 0.6640625 0.90078125 0.09609375 0.18515625
5 0.54140625 0.8921875 0.13359375 0.20234375
5 0.33984375 0.903125 0.11328125 0.1859375
5 0.2265625 0.87578125 0.09609375 0.2171875
5 0.13359375 0.8484375 0.10078125 0.2375
5 0.10703125 0.60546875 0.09296875 0.1828125
5 0.24453125 0.62421875 0.1234375 0.215625
5 0.47734375 0.63125 0.12734375 0.2203125
5 0.6515625 0.64375 0.12890625 0.2359375
5 0.79375 0.64609375 0.121875 0.19453125
5 0.81875 0.5171875 0.10234375 0.26015625
5 0.8765625 0.4171875 0.07890625 0.18125
5 0.7140625 0.40859375 0.1078125 0.20546875
5 0.61328125 0.39921875 0.1078125 0.17265625
5 0.509375 0.40859375 0.11875 0.19140625
5 0.3453125 0.39609375 0.12421875 0.171875
5 0.2453125 0.37265625 0.121875 0.23046875
5 0.13046875 0.1453125 0.1078125 0.20703125
5 0.22109375 0.16015625 0.10859375 0.18515625
5 0.3640625 0.14765625 0.1265625 0.21015625
5 0.48046875 0.15703125 0.09609375 0.1609375
5 0.5859375 0.1546875 0.1078125 0.1921875
5 0.684375 0.16796875 0.0828125 0.1875
5 0.7828125 0.19140625 0.0890625 0.20078125
5 0.80546875 0.04453125 0.12578125 0.08828125