5 0.3265625 0.05390625 0.11796875 0.1015625
5 0.5171875 0.05625 0.103125 0.10703125
5 0.634375 0.05625 0.1078125 0.10703125
5 0.64140625 0.25703125 0.0984375 0.17578125
5 0.73828125 0.27890625 0.09765625 0.1546875
5 0.36640625 0.23125 0.13203125 0.1796875
5 0.22578125 0.2265625 0.1109375 0.196875
5 0.1265625 0.23671875 0.09609375 0.171875
5 0.1796875 0.46953125 0.11171875 0.16953125
5 0.30625 0.46640625 0.12890625 0.209375
5 0.42890625 0.47890625 0.1140625 0.2109375
5 0.54921875 0.4875 0.1328125 0.21953125
5 0.6953125 0.50234375 0.10234375 0.18515625
5 0.80703125 0.75 0.10703125 0.17890625
5 0.7203125 0.775 0.0890625 0.1921875
5 0.61796875 0.74453125 0.12421875 0.23359375
5 0.48515625 0.76328125 0.13984375 0.1828125
5 0.32578125 0.74296875 0.11953125 0.17890625
5 0.1890625 0.71640625 0.1203125 0.190625
5 0.25625 0.93203125 0.11640625 0.1359375
5 0.42109375 0.940625 0.109375 0.11640625
5 0.52421875 0.9484375 0.0984375 0.103125
5 0.66328125 0.94453125 0.1109375 0.1109375
5 0.790625 0.940625 0.109375 0.11875