5 0.14921875 0.19140625 0.13125 0.196875
5 0.30703125 0.17734375 0.11328125 0.17734375
5 0.42109375 0.15390625 0.1234375 0.190625
5 0.5359375 0.171875 0.11640625 0.171875
5 0.64296875 0.19609375 0.0984375 0.15
5 0.49765625 0.03984375 0.1375 0.07890625
5 0.70078125 0.0375 0.1046875 0.075
5 0.80078125 0.69453125 0.0890625 0.209375
5 0.62109375 0.4265625 0.1484375 0.19921875
5 0.47421875 0.41875 0.1453125 0.2078125
5 0.2578125 0.39609375 0.1296875 0.1984375
5 0.14453125 0.39609375 0.1078125 0.171875
5 0.1484375 0.65703125 0.1296875 0.1875
5 0.3359375 0.64921875 0.1359375 0.24296875
5 0.46015625 0.6765625 0.1140625 0.2078125
5 0.59296875 0.6875 0.1125 0.203125
5 0.703125 0.67890625 0.1140625 0.221875
5 0.7328125 0.91015625 0.096875 0.1765625
5 0.60859375 0.90625 0.11875 0.18671875
5 0.49296875 0.91875 0.1140625 0.1625
5 0.38828125 0.9140625 0.0953125 0.171875
5 0.29453125 0.90390625 0.0921875 0.178125
5 0.19765625 0.88359375 0.103125 0.2109375