5 0.79140625 0.1765625 0.12734375 0.18515625
5 0.66328125 0.16953125 0.1203125 0.14765625
5 0.53515625 0.14609375 0.13515625 0.17578125
5 0.42265625 0.12890625 0.11484375 0.19609375
5 0.3203125 0.12890625 0.10234375 0.19609375
5 0.20078125 0.3765625 0.09921875 0.178125
5 0.303125 0.3828125 0.115625 0.1578125
5 0.48046875 0.375 0.1203125 0.18046875
5 0.60234375 0.39296875 0.103125 0.17421875
5 0.703125 0.39140625 0.10390625 0.1890625
5 0.68125 0.65078125 0.10859375 0.203125
5 0.4953125 0.6390625 0.128125 0.2125
5 0.2390625 0.61015625 0.1234375 0.19609375
5 0.20546875 0.86484375 0.0875 0.18671875
5 0.30234375 0.88203125 0.121875 0.203125
5 0.43203125 0.8953125 0.11640625 0.1921875
5 0.56953125 0.903125 0.13203125 0.17578125