5 0.1734375 0.1515625 0.10234375 0.17265625
5 0.3 0.1359375 0.10703125 0.17421875
5 0.40390625 0.14296875 0.07734375 0.16015625
5 0.50546875 0.13515625 0.1140625 0.19453125
5 0.628125 0.15234375 0.0953125 0.17890625
5 0.7375 0.196875 0.09609375 0.19296875
5 0.81953125 0.41484375 0.059375 0.171875
5 0.728125 0.39609375 0.1046875 0.18984375
5 0.62109375 0.40390625 0.1015625 0.190625
5 0.53046875 0.3984375 0.1078125 0.175
5 0.409375 0.36875 0.10546875 0.2
5 0.303125 0.3671875 0.0984375 0.1921875
5 0.17421875 0.378125 0.11953125 0.1859375
5 0.15078125 0.61875 0.0921875 0.15703125
5 0.246875 0.6234375 0.09375 0.17265625
5 0.36953125 0.60625 0.10703125 0.22578125
5 0.521875 0.6484375 0.12265625 0.20390625
5 0.64140625 0.65078125 0.121875 0.18515625
5 0.7875 0.64921875 0.115625 0.18125
5 0.8109375 0.87890625 0.1 0.19609375
5 0.6703125 0.8859375 0.1078125 0.196875
5 0.57265625 0.89140625 0.1234375 0.18515625
5 0.41796875 0.87265625 0.146875 0.21171875
5 0.2546875 0.86640625 0.1265625 0.20859375