5 0.69375 0.93203125 0.11640625 0.1359375
5 0.5515625 0.9234375 0.11875 0.153125
5 0.36171875 0.9171875 0.11796875 0.1484375
5 0.21875 0.87578125 0.1375 0.24765625
5 0.215625 0.6390625 0.12109375 0.19765625
5 0.45859375 0.65546875 0.13203125 0.2171875
5 0.6171875 0.6828125 0.12265625 0.16953125
5 0.7125 0.44609375 0.115625 0.215625
5 0.30546875 0.4109375 0.11796875 0.209375
5 0.25078125 0.17265625 0.10078125 0.178125
5 0.35546875 0.16328125 0.1203125 0.15390625
5 0.59453125 0.175 0.1265625 0.17734375
5 0.73828125 0.19375 0.10078125 0.18359375
5 0.74140625 0.04296875 0.10546875 0.0859375