5 0.2234375 0.1 0.10546875 0.19921875
5 0.31328125 0.1 0.096875 0.19921875
5 0.39921875 0.09765625 0.1109375 0.19453125
5 0.51484375 0.1 0.13671875 0.19921875
5 0.628125 0.109375 0.1296875 0.21328125
5 0.7453125 0.14140625 0.1171875 0.18515625
5 0.75390625 0.3609375 0.1203125 0.2234375
5 0.6375 0.340625 0.13203125 0.22734375
5 0.52421875 0.33984375 0.11875 0.21484375
5 0.41796875 0.34375 0.103125 0.1890625
5 0.29296875 0.340625 0.115625 0.19453125
5 0.17578125 0.33828125 0.1078125 0.18203125
5 0.253125 0.590625 0.1125 0.19453125
5 0.35078125 0.60859375 0.09140625 0.18203125
5 0.496875 0.60546875 0.128125 0.19765625
5 0.69375 0.609375 0.13359375 0.221875
5 0.815625 0.6375 0.0953125 0.1515625
5 0.82578125 0.846875 0.0859375 0.17734375
5 0.74296875 0.85 0.10234375 0.17109375
5 0.63046875 0.85 0.14296875 0.23125
5 0.44140625 0.8484375 0.11875 0.1859375