5 0.1390625 0.1109375 0.10390625 0.1421875
5 0.27109375 0.078125 0.11171875 0.15625
5 0.384375 0.09140625 0.1015625 0.1671875
5 0.4859375 0.08359375 0.10703125 0.1671875
5 0.58984375 0.08359375 0.10234375 0.1671875
5 0.82109375 0.328125 0.1203125 0.215625
5 0.7 0.29921875 0.11484375 0.203125
5 0.58359375 0.28359375 0.12109375 0.209375
5 0.52265625 0.42734375 0.1515625 0.228125
5 0.43515625 0.28671875 0.115625 0.1875
5 0.3109375 0.30546875 0.09375 0.1609375
5 0.1953125 0.31875 0.1328125 0.1640625
5 0.22265625 0.53125 0.13203125 0.1578125
5 0.3296875 0.55234375 0.109375 0.1734375
5 0.4625 0.571875 0.1078125 0.14296875
5 0.57734375 0.58515625 0.1171875 0.1875
5 0.6890625 0.56953125 0.115625 0.18203125
5 0.80859375 0.56953125 0.1265625 0.2
5 0.78046875 0.8046875 0.1203125 0.17890625
5 0.6484375 0.809375 0.121875 0.18671875
5 0.50625 0.80625 0.13671875 0.1953125
5 0.31015625 0.78828125 0.1265625 0.1875