5 0.15625 0.090625 0.1140625 0.15703125
5 0.25 0.07421875 0.10859375 0.1484375
5 0.35703125 0.07890625 0.1109375 0.1578125
5 0.55625 0.09140625 0.134375 0.1828125
5 0.68203125 0.09921875 0.1296875 0.1859375
5 0.8453125 0.3546875 0.11953125 0.18984375
5 0.7234375 0.33046875 0.1265625 0.178125
5 0.58046875 0.303125 0.1390625 0.22734375
5 0.346875 0.3171875 0.11171875 0.19140625
5 0.2328125 0.3078125 0.1109375 0.1953125
5 0.23828125 0.56875 0.16328125 0.21015625
5 0.47109375 0.58671875 0.11484375 0.19765625
5 0.59296875 0.584375 0.1125 0.253125
5 0.68671875 0.59765625 0.10546875 0.19453125
5 0.79296875 0.5953125 0.1203125 0.18515625
5 0.82109375 0.8265625 0.115625 0.259375
5 0.68515625 0.821875 0.11953125 0.171875
5 0.55859375 0.82890625 0.1453125 0.203125
5 0.41875 0.81953125 0.1359375 0.1984375
5 0.2640625 0.80234375 0.165625 0.22890625
5 0.1125 0.77578125 0.12109375 0.21640625