5 0.7671875 0.8359375 0.1125 0.18515625
5 0.66484375 0.85703125 0.1140625 0.190625
5 0.50625 0.853125 0.11953125 0.1765625
5 0.3828125 0.84453125 0.1171875 0.20546875
5 0.26484375 0.84609375 0.103125 0.20234375
5 0.30234375 0.715625 0.1046875 0.240625
5 0.16875 0.8125 0.08046875 0.165625
5 0.10078125 0.8078125 0.08046875 0.18515625
5 0.25078125 0.54375 0.146875 0.20703125
5 0.475 0.56640625 0.146875 0.21015625
5 0.6265625 0.5875 0.11328125 0.215625
5 0.72421875 0.59453125 0.09765625 0.2015625
5 0.81640625 0.59921875 0.0765625 0.1921875
5 0.775 0.33671875 0.115625 0.209375
5 0.66796875 0.3546875 0.10234375 0.14765625
5 0.546875 0.33671875 0.12109375 0.21328125
5 0.346875 0.2984375 0.14140625 0.234375
5 0.83046875 0.14296875 0.1125 0.15625
5 0.66015625 0.1 0.1078125 0.19921875
5 0.56328125 0.09296875 0.1171875 0.1859375
5 0.46171875 0.0875 0.1140625 0.175
5 0.35859375 0.0765625 0.11015625 0.153125
5 0.259375 0.08203125 0.1125 0.1640625