5 0.22265625 0.209375 0.09765625 0.190625
5 0.35390625 0.1921875 0.11640625 0.19453125
5 0.4640625 0.19609375 0.1015625 0.16875
5 0.58203125 0.20703125 0.1109375 0.1953125
5 0.69296875 0.22109375 0.096875 0.1859375
5 0.83984375 0.25546875 0.10234375 0.18671875
5 0.74375 0.053125 0.096875 0.10625
5 0.64765625 0.040625 0.096875 0.08125
5 0.70078125 0.45234375 0.11953125 0.22578125
5 0.57734375 0.46171875 0.13046875 0.19296875
5 0.40390625 0.43671875 0.1375 0.2015625
5 0.23125 0.42890625 0.1109375 0.19921875
5 0.19921875 0.66796875 0.13359375 0.23828125
5 0.31484375 0.70625 0.103125 0.20390625
5 0.484375 0.72109375 0.12890625 0.196875
5 0.60390625 0.72734375 0.13046875 0.25390625
5 0.775 0.69765625 0.1484375 0.27578125
5 0.640625 0.925 0.10390625 0.1359375
5 0.53046875 0.92890625 0.1234375 0.13515625
5 0.3890625 0.93203125 0.11484375 0.1359375
5 0.21796875 0.90703125 0.1078125 0.18515625
5 0.12734375 0.8984375 0.08828125 0.203125