5 0.84453125 0.65234375 0.1015625 0.178125
5 0.74296875 0.66328125 0.10390625 0.16796875
5 0.6203125 0.653125 0.1421875 0.16171875
5 0.54375 0.8984375 0.1078125 0.19375
5 0.65703125 0.9046875 0.109375 0.16953125
5 0.3859375 0.8875 0.14609375 0.17734375
5 0.36875 0.6359375 0.146875 0.2109375
5 0.2296875 0.85234375 0.1390625 0.20390625
5 0.11484375 0.8265625 0.1046875 0.18515625
5 0.19921875 0.61484375 0.1265625 0.21953125
5 0.20078125 0.3765625 0.10859375 0.178125
5 0.31328125 0.378125 0.12265625 0.1859375
5 0.4296875 0.37578125 0.12890625 0.21328125
5 0.55234375 0.38203125 0.11875 0.203125
5 0.71875 0.403125 0.1171875 0.203125
5 0.76484375 0.1640625 0.12578125 0.2296875
5 0.66171875 0.165625 0.10078125 0.21015625
5 0.56015625 0.14453125 0.0984375 0.20078125
5 0.4546875 0.1265625 0.1203125 0.21953125
5 0.18046875 0.1671875 0.0890625 0.19375