5 0.67890625 0.79609375 0.10859375 0.19140625
5 0.51796875 0.8015625 0.1234375 0.20234375
5 0.33515625 0.78828125 0.1296875 0.24921875
5 0.19609375 0.77734375 0.1125 0.228125
5 0.2890625 0.5296875 0.11015625 0.2140625
5 0.43125 0.5421875 0.12109375 0.20859375
5 0.5890625 0.5421875 0.13203125 0.23125
5 0.759375 0.54609375 0.1421875 0.21328125
5 0.6421875 0.30625 0.0984375 0.1703125
5 0.8203125 0.3375 0.1 0.17734375
5 0.65 0.0875 0.121875 0.175
5 0.33984375 0.06640625 0.11328125 0.13203125
5 0.21875 0.0640625 0.1296875 0.128125
5 0.215625 0.25546875 0.13203125 0.20234375
5 0.34140625 0.28046875 0.12734375 0.1671875
5 0.515625 0.29140625 0.14609375 0.17734375