5 0.18046875 0.140625 0.08984375 0.16015625
5 0.28359375 0.1109375 0.1015625 0.1875
5 0.38984375 0.13125 0.09765625 0.16484375
5 0.59296875 0.128125 0.11875 0.1859375
5 0.70078125 0.15703125 0.10546875 0.1609375
5 0.69453125 0.3859375 0.11796875 0.1921875
5 0.5875 0.375 0.0984375 0.17421875
5 0.46171875 0.35390625 0.1390625 0.2015625
5 0.2890625 0.34296875 0.1265625 0.2078125
5 0.16953125 0.35859375 0.115625 0.1796875
5 0.28671875 0.5828125 0.1484375 0.21015625
5 0.43046875 0.621875 0.12421875 0.1828125
5 0.54296875 0.6265625 0.09296875 0.18203125
5 0.66953125 0.615625 0.140625 0.2109375
5 0.7875 0.62890625 0.1046875 0.225
5 0.74296875 0.86171875 0.11015625 0.18515625
5 0.62109375 0.87578125 0.1171875 0.19453125
5 0.46484375 0.87421875 0.13046875 0.20078125