5 0.659375 0.13671875 0.11640625 0.22734375
5 0.55390625 0.1234375 0.09765625 0.18515625
5 0.453125 0.10625 0.1171875 0.1890625
5 0.34453125 0.12578125 0.115625 0.15390625
5 0.225 0.10390625 0.1375 0.16015625
5 0.11484375 0.35234375 0.125 0.19375
5 0.26484375 0.365625 0.146875 0.165625
5 0.50703125 0.35625 0.12109375 0.20703125
5 0.621875 0.3703125 0.1046875 0.20234375
5 0.76328125 0.37421875 0.11328125 0.215625
5 0.68046875 0.6203125 0.14453125 0.19375
5 0.5453125 0.62890625 0.121875 0.21484375
5 0.409375 0.6203125 0.13828125 0.2125
5 0.2625 0.60546875 0.13828125 0.20078125
5 0.19296875 0.83671875 0.11484375 0.20546875
5 0.31796875 0.85234375 0.13203125 0.18125
5 0.6421875 0.86953125 0.16171875 0.21015625