5 0.51328125 0.1203125 0.13671875 0.2203125
5 0.76796875 0.20234375 0.10078125 0.1515625
5 0.60390625 0.18828125 0.11953125 0.1484375
5 0.390625 0.15546875 0.1125 0.17578125
5 0.28359375 0.15390625 0.10703125 0.16953125
5 0.109375 0.3875 0.09375 0.17734375
5 0.19453125 0.39140625 0.10390625 0.16640625
5 0.321875 0.38515625 0.08828125 0.190625
5 0.4265625 0.39375 0.109375 0.18046875
5 0.5640625 0.38984375 0.09921875 0.2
5 0.68515625 0.4140625 0.1015625 0.1921875
5 0.7859375 0.4296875 0.09609375 0.1828125
5 0.71484375 0.6828125 0.175 0.18203125
5 0.5359375 0.6609375 0.1203125 0.19765625
5 0.378125 0.67109375 0.1265625 0.1734375
5 0.22109375 0.62734375 0.13203125 0.21328125
5 0.228125 0.88359375 0.090625 0.19296875
5 0.33828125 0.88515625 0.1109375 0.190625
5 0.45 0.896875 0.096875 0.20390625
5 0.55390625 0.9046875 0.103125 0.18828125
5 0.65703125 0.89453125 0.0953125 0.20859375
5 0.83828125 0.8875 0.103125 0.18125
5 0.81796875 0.04765625 0.08359375 0.0953125