5 0.184375 0.06875 0.09765625 0.13671875
5 0.29296875 0.0625 0.1328125 0.125
5 0.42109375 0.0625 0.1203125 0.125
5 0.5375 0.06171875 0.10625 0.1234375
5 0.6875 0.121875 0.00390625 0.01640625
5 0.6390625 0.0640625 0.1046875 0.128125
5 0.7515625 0.0890625 0.115625 0.178125
5 0.70625 0.278125 0.10859375 0.21328125
5 0.60546875 0.28828125 0.09609375 0.15
5 0.50546875 0.2859375 0.0859375 0.14453125
5 0.41640625 0.2515625 0.11328125 0.19140625
5 0.290625 0.26015625 0.11484375 0.1953125
5 0.14453125 0.25625 0.11171875 0.18203125
5 0.1890625 0.50859375 0.10703125 0.20234375
5 0.3078125 0.5171875 0.1046875 0.17734375
5 0.4515625 0.5125 0.13515625 0.209375
5 0.57265625 0.53125 0.10625 0.17265625
5 0.675 0.5296875 0.09296875 0.19296875
5 0.76875 0.5390625 0.0953125 0.1828125
5 0.74921875 0.79453125 0.10234375 0.17578125
5 0.64765625 0.79765625 0.10703125 0.16484375
5 0.540625 0.809375 0.12578125 0.25234375
5 0.4203125 0.76796875 0.13125 0.20234375
5 0.29921875 0.77890625 0.10390625 0.1625
5 0.1953125 0.77109375 0.09453125 0.125
5 0.21015625 0.9515625 0.09765625 0.096875