5 0.35078125 0.146875 0.13125 0.17734375
5 0.55234375 0.1640625 0.1171875 0.1921875
5 0.67265625 0.17578125 0.12109375 0.18671875
5 0.75390625 0.41640625 0.1359375 0.18671875
5 0.61328125 0.4296875 0.10078125 0.16796875
5 0.49140625 0.41796875 0.14453125 0.17734375
5 0.56875 0.68515625 0.13359375 0.19921875
5 0.440625 0.6796875 0.1265625 0.196875
5 0.36640625 0.91484375 0.1703125 0.14375
5 0.2828125 0.6640625 0.1140625 0.146875
5 0.271875 0.40234375 0.1328125 0.18828125
5 0.1625 0.38671875 0.0953125 0.184375