13 0.4486607142857143 0.16517857142857142 0.25 0.19642857142857142
13 0.2767857142857143 0.12946428571428573 0.21428571428571427 0.19196428571428573
13 0.19419642857142858 0.32589285714285715 0.21875 0.16964285714285715
13 0.765625 0.29910714285714285 0.2544642857142857 0.20535714285714285
13 0.6651785714285714 0.4263392857142857 0.23214285714285715 0.20089285714285715
13 0.3169642857142857 0.6272321428571429 0.24107142857142858 0.20535714285714285
13 0.14508928571428573 0.5178571428571429 0.22767857142857142 0.19196428571428573
13 0.8147321428571429 0.6941964285714286 0.22321428571428573 0.21428571428571427
13 0.5892857142857143 0.5982142857142857 0.22767857142857142 0.16964285714285715
13 0.8839285714285714 0.5357142857142857 0.23214285714285715 0.19642857142857142
13 0.7700892857142857 0.9151785714285714 0.21875 0.16964285714285715
13 0.3169642857142857 0.8526785714285714 0.22321428571428573 0.17410714285714285