9 0.558000 0.522500 0.084000 0.091000
9 0.565000 0.409500 0.090000 0.119000
9 0.597500 0.321500 0.041000 0.091000
9 0.597500 0.600000 0.033000 0.090000
9 0.643500 0.356500 0.121000 0.135000
9 0.631500 0.232500 0.089000 0.109000
9 0.698000 0.175000 0.070000 0.074001
9 0.721000 0.741000 0.094000 0.148001
9 0.717000 0.265500 0.074000 0.099000
9 0.764000 0.568500 0.148000 0.123000
9 0.815000 0.167000 0.098000 0.090000
9 0.866500 0.683000 0.143000 0.149999
9 0.855000 0.272500 0.056000 0.055000
9 0.916500 0.571000 0.113000 0.128001
9 0.929500 0.175500 0.115000 0.115000
9 0.939000 0.735000 0.134000 0.128000
9 0.945000 0.354000 0.104000 0.078000
