9 0.424218 0.979687 0.848437 0.068750
9 0.118750 0.925781 0.062499 0.076562
9 0.180469 0.913281 0.042189 0.067187
9 0.204687 0.968750 0.040626 0.050000
9 0.289062 0.913281 0.093750 0.089063
9 0.423438 0.842969 0.090626 0.110938
9 0.484375 0.905469 0.031250 0.048438
9 0.534375 0.933593 0.025000 0.026562
9 0.550782 0.889062 0.042187 0.040625
9 0.624219 0.845312 0.095312 0.100001
9 0.642969 0.929687 0.048437 0.043751
9 0.701562 0.939062 0.040626 0.046874
9 0.767188 0.927343 0.031250 0.035938
9 0.791406 0.961718 0.032813 0.045312
