9 0.081000 0.491000 0.162000 0.330000
9 0.294500 0.570000 0.115000 0.422000
9 0.467000 0.456500 0.148000 0.691000
9 0.549500 0.343500 0.013000 0.017000
9 0.592500 0.321000 0.013000 0.016000
9 0.609000 0.330000 0.016000 0.013999
9 0.699500 0.392500 0.187000 0.543001
9 0.845000 0.531000 0.088000 0.221999
9 0.859000 0.335000 0.020000 0.020000
9 0.901000 0.377000 0.018000 0.014000
9 0.910000 0.535000 0.012000 0.013999
9 0.920500 0.367000 0.013000 0.010000
9 0.923500 0.541000 0.015000 0.014000
9 0.922500 0.579000 0.009000 0.016000
9 0.928500 0.568000 0.013000 0.014000
9 0.991000 0.584500 0.068000 0.258999
