12 0.184375 0.30859375 0.1265625 0.228125
12 0.2625 0.35078125 0.10546875 0.2046875
12 0.34296875 0.334375 0.10546875 0.24453125
12 0.4703125 0.409375 0.1265625 0.24140625
12 0.90390625 0.22734375 0.115625 0.18125
12 0.85 0.36640625 0.14140625 0.2453125
12 0.76171875 0.4203125 0.1390625 0.21484375
12 0.665625 0.34296875 0.134375 0.25625
12 0.60234375 0.49453125 0.15078125 0.2203125
12 0.703125 0.69140625 0.1421875 0.23046875
12 0.63125 0.80390625 0.18203125 0.23671875
12 0.57578125 0.68671875 0.146875 0.19375
12 0.103125 0.76171875 0.14296875 0.1828125
12 0.06875 0.675 0.11484375 0.20625