12 0.8252915727111916 0.6147365007624993 0.1728537929530063 0.252292464665139
12 0.7401496945770883 0.5893929682774299 0.14708090314042083 0.22514808320625015
12 0.6627233765512575 0.6208624802452772 0.15446750580598767 0.26435605357097225
12 0.5259424420698059 0.5725185120647565 0.17638796991261038 0.26642769984750014
12 0.11924484653037488 0.8388416816113887 0.1510864415410805 0.20181968597979177
12 0.1532514366595296 0.6897131973789582 0.19058686223247845 0.2714425081681252
12 0.23337685735092753 0.6191448178199304 0.18347304420664753 0.24160953780340294
12 0.33943898924595434 0.6767917040284719 0.18460964687221457 0.28067203780340294
12 0.3808405422280905 0.5149995656357288 0.19463786473976086 0.24967661094166688
12 0.25164845038307615 0.3400021784772568 0.18861518527287435 0.2573436405769446
12 0.30760659685957925 0.21456511417270807 0.22960389812585583 0.27078919794763906
12 0.37949230555592567 0.31985071979604135 0.18439904671392995 0.2197709053945834
12 0.8395301982715051 0.15221831696690902 0.179438762074194 0.21028680262104182
12 0.8864075467804369 0.2315414878447215 0.15650136724704353 0.22692878875333342