12 0.21105668222581805 0.2654824983751469 0.1668092191541537 0.2497114480508354
12 0.2819771083625562 0.32142458116686257 0.14134556899199796 0.22271257142762996
12 0.364076542209932 0.31895019196175534 0.14830468100470676 0.26344666558343127
12 0.4765026298729116 0.41469116030513026 0.16861718100470674 0.2638012215897856
12 0.9308100746773361 0.3100868498312536 0.13156146590774292 0.19911143019392785
12 0.8613452341749828 0.439382837656389 0.1843240016215578 0.268761456979289
12 0.763774758931749 0.47753562824146795 0.17596603084255094 0.23737508928453738
12 0.6833526477298191 0.38391626744657514 0.1782376428552599 0.2780273628234878
12 0.5933980292242885 0.523013949265356 0.18860239853730273 0.24540577759614024
12 0.6592337146965175 0.7359463717486461 0.18251603977100467 0.25467168344033875
12 0.5676308214342205 0.8351593932590017 0.2217694545436572 0.2662910219140972
12 0.5339024780891981 0.7079696018631438 0.17873647483619665 0.21711713636243815
12 0.06900950406048506 0.7005142431001412 0.13801900812097012 0.20727848620028233
12 0.05427089407637111 0.6072727577106377 0.10854178815274222 0.22392051542127547