10 0.42578125 0.56328125 0.29296875 0.28203125
10 0.2203125 0.84453125 0.43984375 0.3109375
10 0.909375 0.496875 0.17890625 0.278125
10 0.8625 0.3296875 0.246875 0.24609375
10 0.740625 0.56171875 0.221875 0.234375
10 0.84765625 0.746875 0.25703125 0.275
10 0.58046875 0.21875 0.225 0.22109375
10 0.7953125 0.15703125 0.24609375 0.221875
10 0.2109375 0.27109375 0.221875 0.21953125
10 0.1375 0.55234375 0.275 0.2984375
10 0.52421875 0.10390625 0.1984375 0.2078125
10 0.396875 0.259375 0.171875 0.178125
10 0.1765625 0.0703125 0.1890625 0.140625