10 0.490625 0.40546875 0.090625 0.14453125
10 0.39453125 0.4234375 0.09453125 0.15
10 0.31953125 0.41171875 0.09453125 0.14296875
10 0.38125 0.5796875 0.096875 0.1625
10 0.42734375 0.72109375 0.11015625 0.1640625
10 0.3328125 0.7828125 0.1140625 0.178125
10 0.18359375 0.496875 0.10625 0.15234375
10 0.69921875 0.42890625 0.11015625 0.159375
10 0.91640625 0.09609375 0.11015625 0.1640625
10 0.7171875 0.10625 0.08671875 0.159375
10 0.51953125 0.1390625 0.11875 0.17109375
10 0.5 0.2796875 0.109375 0.15546875
10 0.384375 0.290625 0.10625 0.14453125
10 0.20234375 0.184375 0.0875 0.14453125
10 0.08359375 0.453125 0.07421875 0.1328125
10 0.09921875 0.375 0.09296875 0.15
10 0.228125 0.7140625 0.1078125 0.175
10 0.1171875 0.678125 0.1109375 0.159375
10 0.7640625 0.7234375 0.121875 0.178125
10 0.49921875 0.66328125 0.08671875 0.15546875
10 0.58671875 0.70390625 0.096875 0.14140625
10 0.8375 0.859375 0.1140625 0.175
10 0.8828125 0.31640625 0.10234375 0.14609375
10 0.76796875 0.28984375 0.1046875 0.1375
10 0.81171875 0.0671875 0.11171875 0.134375
10 0.575 0.9359375 0.121875 0.128125
10 0.29765625 0.921875 0.11875 0.15625
10 0.03984375 0.62734375 0.0796875 0.1609375
10 0.8859375 0.6953125 0.13828125 0.16640625
10 0.609375 0.3875 0.14296875 0.17265625
10 0.05390625 0.225 0.07890625 0.11875