1 0.3125 0.48125 0.446875 0.84609375
1 0.46953125 0.48125 0.09453125 0.0875
1 0.175 0.49609375 0.071875 0.08359375
1 0.284375 0.49765625 0.0640625 0.2125
1 0.4109375 0.50625 0.08359375 0.12109375
1 0.34453125 0.51640625 0.0609375 0.175
1 0.2265625 0.57265625 0.05859375 0.09609375
1 0.48359375 0.58125 0.078125 0.0875
1 0.40859375 0.60859375 0.078125 0.10859375
1 0.340625 0.63359375 0.0640625 0.11640625
1 0.20703125 0.63984375 0.05859375 0.07109375
1 0.47109375 0.66484375 0.046875 0.0625
1 0.253125 0.66640625 0.10546875 0.125
1 0.459375 0.725 0.08046875 0.14140625
1 0.39296875 0.73125 0.06953125 0.15390625
1 0.325 0.76484375 0.06640625 0.1625
1 0.271875 0.76640625 0.05546875 0.14140625
1 0.23203125 0.76875 0.046875 0.09609375
1 0.44140625 0.83125 0.078125 0.1125
1 0.32890625 0.85625 0.053125 0.09609375
1 0.4140625 0.14609375 0.05546875 0.15
1 0.36796875 0.16640625 0.06953125 0.20859375
1 0.43046875 0.16640625 0.04453125 0.1
1 0.18359375 0.20859375 0.071875 0.18359375
1 0.15859375 0.22265625 0.04453125 0.09609375
1 0.2375 0.22265625 0.08046875 0.22890625
1 0.4265625 0.24140625 0.103125 0.08359375
1 0.30546875 0.30390625 0.071875 0.16640625
1 0.1734375 0.3125 0.1359375 0.1
1 0.41640625 0.3375 0.05 0.14140625
1 0.11640625 0.35390625 0.05546875 0.06640625
1 0.4625 0.3625 0.06953125 0.13359375
1 0.365625 0.39375 0.1140625 0.09609375
1 0.221875 0.40625 0.11640625 0.09609375
1 0.1375 0.41484375 0.053125 0.05390625
