8 0.5984855769230769 0.37641826923076926 0.12663461538461537 0.11822115384615385
8 0.048677884615384616 0.38937499999999997 0.09733173076923077 0.07538461538461538
8 0.20064903846153845 0.445625 0.14608173076923078 0.0985576923076923
8 0.44762019230769234 0.4723317307692308 0.12346153846153846 0.10221153846153846
8 0.6177644230769231 0.5093509615384615 0.1286298076923077 0.13723557692307692
8 0.7385576923076923 0.6106971153846155 0.15247596153846155 0.10478365384615386
8 0.07271634615384616 0.749014423076923 0.12617788461538462 0.09300480769230769
8 0.5144230769230769 0.7752403846153846 0.1466346153846154 0.12740384615384615
8 0.6610817307692307 0.7722115384615384 0.15348557692307693 0.1261298076923077
8 0.8112980769230769 0.8898798076923077 0.1503846153846154 0.09117788461538462
8 0.10574519230769232 0.8791586538461539 0.13927884615384614 0.09430288461538461
8 0.25348557692307694 0.1575 0.07360576923076924 0.07211538461538461
8 0.8635576923076923 0.17262019230769232 0.07716346153846154 0.05194711538461538
8 0.4076201923076923 0.21283653846153847 0.09716346153846155 0.06382211538461538
8 0.38596153846153847 0.44617788461538466 0.09319711538461539 0.07480769230769231
8 0.6423076923076922 0.6591826923076923 0.14209134615384617 0.10185096153846153
8 0.7999278846153846 0.6906490384615385 0.1526923076923077 0.10389423076923077
8 0.19209134615384615 0.5095673076923076 0.18307692307692308 0.08846153846153845
8 0.5166826923076923 0.5473076923076923 0.12490384615384616 0.09300480769230769