1 0.59921875 0.25703125 0.09296875 0.1890625
1 0.76953125 0.2921875 0.11484375 0.18125
1 0.5140625 0.3046875 0.13203125 0.31875
1 0.59453125 0.3203125 0.44765625 0.44140625
1 0.68984375 0.32890625 0.1 0.17265625
1 0.4171875 0.39765625 0.109375 0.2875
1 0.59296875 0.4078125 0.46171875 0.60625
1 0.60234375 0.4484375 0.16484375 0.19375
1 0.471875 0.50078125 0.69296875 0.85390625
1 0.67109375 0.6328125 0.13671875 0.1640625
1 0.6046875 0.63359375 0.26015625 0.16484375
1 0.53671875 0.6453125 0.10859375 0.1296875
