8 0.3676888888888889 0.3184 0.1335111111111111 0.1640888888888889
8 0.45302222222222227 0.5177333333333333 0.16333333333333333 0.23813333333333334
8 0.5255555555555556 0.5011111111111111 0.09395555555555556 0.1746222222222222
8 0.24955555555555556 0.5420888888888888 0.13733333333333334 0.16835555555555556
8 0.3434222222222222 0.5015111111111111 0.10306666666666667 0.15275555555555553
8 0.19582222222222223 0.5247555555555555 0.10813333333333333 0.15888888888888889
8 0.13391111111111112 0.6859555555555555 0.10795555555555555 0.17093333333333333
8 0.23208888888888887 0.7180444444444445 0.18066666666666667 0.2351111111111111
8 0.3616 0.6891999999999999 0.13182222222222223 0.21280000000000002
8 0.49991111111111114 0.7338222222222223 0.17888888888888888 0.24142222222222223
8 0.5448888888888889 0.6704888888888889 0.10991111111111111 0.15768888888888888