8 0.1291119691119691 0.37278350515463915 0.08262548262548262 0.12304123711340206
8 0.1426254826254826 0.6745360824742269 0.12382239382239382 0.12783505154639174
8 0.33505791505791505 0.7999484536082474 0.077992277992278 0.1447422680412371
8 0.37490347490347486 0.8280412371134019 0.07745173745173745 0.14144329896907218
8 0.6853281853281853 0.5796907216494845 0.18154440154440155 0.2513917525773196
8 0.8529729729729729 0.5464948453608247 0.20501930501930501 0.2484020618556701
8 0.8407722007722007 0.8196391752577319 0.07598455598455599 0.12391752577319587
8 0.6307335907335908 0.7519587628865979 0.05776061776061776 0.08443298969072165
8 0.4973359073359073 0.755 0.04555984555984556 0.07427835051546391
8 0.4066409266409266 0.7037113402061856 0.05714285714285715 0.11628865979381442
8 0.49131274131274133 0.6361855670103093 0.0622007722007722 0.0979381443298969
8 0.24262548262548264 0.5549484536082474 0.06293436293436294 0.09819587628865979
8 0.9433976833976834 0.2788659793814433 0.11320463320463321 0.1757216494845361
8 0.08741312741312741 0.24716494845360826 0.07054054054054054 0.09463917525773195
8 0.1416988416988417 0.2665979381443299 0.04250965250965251 0.04304123711340206
8 0.16814671814671814 0.47814432989690725 0.04262548262548262 0.06345360824742269