8 0.0935111111111111 0.10204444444444445 0.11404444444444445 0.12644444444444444
8 0.40528888888888887 0.1616888888888889 0.11097777777777777 0.12924444444444444
8 0.5477777777777778 0.0452 0.13293333333333335 0.09035555555555555
8 0.7906222222222221 0.1216 0.15795555555555554 0.15675555555555556
8 0.8090666666666666 0.33684444444444445 0.16662222222222223 0.13711111111111113
8 0.8598222222222223 0.4572444444444444 0.10986666666666667 0.1360888888888889
8 0.8904444444444444 0.5590666666666667 0.11044444444444446 0.09444444444444444
8 0.6724444444444445 0.36626666666666663 0.13693333333333332 0.13422222222222221
8 0.6905777777777777 0.4540888888888889 0.10795555555555555 0.09982222222222223
8 0.5711111111111111 0.42631111111111114 0.1248888888888889 0.13777777777777778
8 0.5520444444444444 0.3050222222222222 0.138 0.13168888888888888
8 0.36737777777777775 0.3147111111111111 0.10933333333333334 0.11226666666666667
8 0.4381333333333333 0.39195555555555556 0.1148888888888889 0.1432
8 0.4571111111111111 0.29831111111111114 0.05928888888888889 0.10239999999999999
8 0.33217777777777774 0.43173333333333336 0.12537777777777778 0.07977777777777778
8 0.40488888888888885 0.5292 0.1843111111111111 0.14586666666666667
8 0.4671111111111111 0.6651999999999999 0.17457777777777778 0.16373333333333334
8 0.17866666666666667 0.24257777777777778 0.12306666666666667 0.1068
8 0.2531555555555556 0.654 0.08475555555555556 0.11555555555555555