8 0.2403734439834025 0.0696875 0.06618257261410788 0.12150000000000001
8 0.24352697095435683 0.2046875 0.04871369294605809 0.0919375
8 0.28684647302904565 0.18131250000000002 0.05228215767634855 0.1145
8 0.3538589211618257 0.15375 0.05427385892116183 0.10625
8 0.4342323651452282 0.019625 0.05921161825726141 0.0391875
8 0.39269709543568465 0.3664375 0.05921161825726141 0.0980625
8 0.32908713692946057 0.3251875 0.06406639004149377 0.06693750000000001
8 0.43311203319502073 0.44887499999999997 0.05394190871369295 0.1065
8 0.48514522821576767 0.5101875 0.05863070539419087 0.0994375
8 0.5733195020746887 0.43937499999999996 0.07020746887966806 0.1255
8 0.6798755186721992 0.3664375 0.04742738589211618 0.0869375
8 0.7689626556016598 0.3590625 0.0950207468879668 0.159375
8 0.8566390041493775 0.1546875 0.08340248962655603 0.1171875
8 0.7655186721991701 0.19225 0.07033195020746888 0.1520625
8 0.7100829875518672 0.2066875 0.05883817427385892 0.1026875
8 0.9147717842323652 0.3283125 0.0512448132780083 0.097875
8 0.9701659751037345 0.3081875 0.059668049792531125 0.1045625
8 0.6691286307053942 0.69825 0.06900414937759336 0.127
8 0.7574273858921161 0.7843125 0.05560165975103735 0.089
8 0.4987136929460581 0.6424375 0.050124481327800834 0.1025625
8 0.3930290456431535 0.8748125 0.05987551867219917 0.08887500000000001
8 0.34319502074688796 0.8883125 0.0670539419087137 0.11587499999999999
8 0.1399585062240664 0.7415 0.04933609958506224 0.0926875
8 0.14385892116182572 0.6001875 0.0304149377593361 0.0715625
8 0.853195020746888 0.6709375 0.027966804979253114 0.055374999999999994
8 0.869045643153527 0.906625 0.026390041493775936 0.05125
8 0.9478838174273859 0.4465 0.036390041493775935 0.07525
8 0.6212448132780083 0.5778125000000001 0.052987551867219915 0.0814375