8 0.09256666666666667 0.10547619047619047 0.18513333333333334 0.2110119047619048
8 0.045366666666666666 0.5407738095238095 0.0907 0.29982142857142857
8 0.0759 0.9285714285714286 0.1518 0.14285714285714285
8 0.4476333333333333 0.9682738095238095 0.15443333333333334 0.06351190476190476
8 0.9152333333333333 0.9682738095238095 0.143 0.06351190476190476
8 0.9063 0.5788690476190477 0.18736666666666668 0.34619047619047616
8 0.9274333333333334 0.10630952380952381 0.14513333333333334 0.2126785714285714
8 0.3803666666666667 0.21160714285714283 0.19493333333333332 0.35232142857142856
8 0.6862999999999999 0.2630952380952381 0.17483333333333334 0.32125
8 0.6307 0.7589880952380953 0.19563333333333333 0.36833333333333335
8 0.2834333333333333 0.6745833333333333 0.17523333333333332 0.3206547619047619