8 0.135001 0.871250 0.195000 0.112499
8 0.191250 0.160000 0.092501 0.104998
8 0.181250 0.961250 0.052501 0.042499
8 0.272500 0.130000 0.085000 0.105002
8 0.277500 0.646250 0.039998 0.042501
8 0.281250 0.948750 0.047499 0.047501
8 0.306250 0.063750 0.082499 0.082501
8 0.300000 0.771250 0.040000 0.022499
8 0.307500 0.686250 0.025000 0.027501
8 0.322500 0.645000 0.045000 0.040000
8 0.381250 0.121250 0.077501 0.077501
8 0.437500 0.287500 0.095000 0.090002
8 0.455000 0.812500 0.130000 0.185000
8 0.450000 0.525000 0.094998 0.055002
8 0.461250 0.472500 0.097501 0.095000
8 0.483750 0.246250 0.057499 0.042499
8 0.527499 0.332500 0.090000 0.095000
8 0.560000 0.247501 0.070000 0.080000
8 0.587500 0.621250 0.075000 0.067499
8 0.600000 0.376250 0.075002 0.082501
8 0.600000 0.563750 0.075002 0.082501
8 0.636250 0.048750 0.047501 0.057499
8 0.656250 0.226250 0.082499 0.092499
8 0.677501 0.833750 0.120000 0.142501
8 0.662500 0.376250 0.080002 0.087499
8 0.695000 1.000000 0.030000 0.035002
8 0.727499 0.610000 0.040000 0.044998
8 0.748750 0.465000 0.047499 0.050000
8 0.773750 0.610001 0.037501 0.035000
8 0.780000 0.448750 0.050000 0.052501
8 0.783750 0.567500 0.042501 0.045000
8 0.812500 0.863750 0.039998 0.037499
8 0.832499 0.755000 0.050000 0.045002
8 0.830000 0.894999 0.035002 0.035000
8 0.867500 0.865000 0.045000 0.050000
8 0.883750 0.371250 0.072499 0.067499
8 0.971250 0.927499 0.117501 0.100000
