8 0.5696727272727272 0.07956284153005465 0.15109090909090908 0.15918032786885244
8 0.41818181818181815 0.0792896174863388 0.15210909090909092 0.1585792349726776
8 0.2636727272727273 0.08245901639344262 0.14927272727272725 0.16491803278688524
8 0.10618181818181818 0.046284153005464485 0.1522181818181818 0.09256830601092897
8 0.03847272727272727 0.17972677595628417 0.07694545454545454 0.2665027322404372
8 0.17829090909090908 0.20426229508196722 0.1822909090909091 0.23699453551912567
8 0.09676363636363636 0.4120218579234973 0.1934909090909091 0.23726775956284155
8 0.1701090909090909 0.6153551912568306 0.15741818181818182 0.27049180327868855
8 0.042218181818181814 0.7452459016393442 0.08447272727272727 0.33469945355191255
8 0.13687272727272728 0.8795628415300547 0.18050909090909092 0.2409289617486339
8 0.2918909090909091 0.9208196721311475 0.15665454545454544 0.15836065573770491
8 0.4505818181818182 0.915191256830601 0.15294545454545455 0.16956284153005466