8 0.6232830188679245 0.08142105263157895 0.09362264150943396 0.16289473684210526
8 0.4599622641509434 0.239 0.1300754716981132 0.2477894736842105
8 0.7633207547169811 0.3176842105263158 0.10898113207547169 0.15578947368421053
8 0.7079622641509434 0.19136842105263158 0.10381132075471698 0.21321052631578946
8 0.6715849056603773 0.30136842105263156 0.09660377358490567 0.14757894736842106
8 0.5485660377358491 0.3556315789473684 0.14011320754716983 0.2473157894736842
8 0.35403773584905657 0.4928421052631579 0.14449056603773586 0.2717894736842105
8 0.5278490566037736 0.5166842105263157 0.13539622641509436 0.2035263157894737
8 0.5287547169811321 0.6670526315789473 0.13886792452830188 0.17626315789473684
8 0.37935849056603776 0.6783684210526315 0.1311698113207547 0.22121052631578947
8 0.45452830188679244 0.8102631578947368 0.10875471698113208 0.21957894736842104