8 0.11123376623376623 0.018536585365853658 0.09746753246753247 0.037073170731707315
8 0.23350649350649352 0.02621951219512195 0.10665584415584416 0.0523780487804878
8 0.047467532467532464 0.09317073170731707 0.09493506493506493 0.16902439024390242
8 0.16107142857142856 0.09054878048780488 0.13487012987012986 0.1725
8 0.28600649350649354 0.10518292682926829 0.11590909090909092 0.1648780487804878
8 0.020324675324675325 0.2321951219512195 0.040616883116883114 0.13731707317073172
8 0.09905844155844157 0.23097560975609757 0.12152597402597402 0.16079268292682927
8 0.22168831168831168 0.23445121951219514 0.12457792207792207 0.15914634146341464
8 0.34295454545454546 0.2400609756097561 0.1213961038961039 0.1551829268292683
8 0.04837662337662338 0.37390243902439024 0.09675324675324676 0.15859756097560976
8 0.15678571428571428 0.3744512195121951 0.12399350649350649 0.16835365853658535
8 0.2743181818181818 0.3781707317073171 0.11448051948051947 0.15195121951219515
8 0.3915909090909091 0.3828048780487805 0.11603896103896104 0.15896341463414634
8 0.014740259740259741 0.5131707317073171 0.02951298701298701 0.14250000000000002
8 0.0885064935064935 0.511219512195122 0.127012987012987 0.16451219512195123
8 0.2116883116883117 0.5114024390243903 0.12188311688311688 0.16054878048780485
8 0.32944805194805193 0.5133536585365853 0.1162987012987013 0.1601829268292683
8 0.4503571428571429 0.5155487804878048 0.11474025974025975 0.15585365853658537
8 0.048246753246753246 0.648109756097561 0.09649350649350649 0.15890243902439025
8 0.14814935064935067 0.6485975609756098 0.12633116883116882 0.17067073170731706
8 0.26626623376623376 0.649390243902439 0.11912337662337662 0.1744512195121951
8 0.38256493506493505 0.6521951219512194 0.11298701298701298 0.1778658536585366
8 0.497987012987013 0.6642073170731708 0.12237012987012987 0.17371951219512194
8 0.017142857142857144 0.7852439024390244 0.03431818181818182 0.12121951219512195
8 0.08837662337662337 0.7816463414634146 0.12441558441558441 0.16817073170731706
8 0.20344155844155842 0.7875000000000001 0.11574675324675324 0.16908536585365855
8 0.31792207792207794 0.7926829268292683 0.11863636363636364 0.175
8 0.435487012987013 0.798719512195122 0.10922077922077922 0.1719512195121951
8 0.5566883116883117 0.8064634146341463 0.12438311688311689 0.18530487804878049
8 0.04405844155844156 0.9148780487804877 0.08811688311688312 0.17030487804878047
8 0.13275974025974027 0.9148780487804877 0.12785714285714286 0.17030487804878047
8 0.2500974025974026 0.9186585365853658 0.12025974025974026 0.1626829268292683
8 0.3679545454545454 0.9203048780487806 0.11603896103896104 0.15945121951219512
8 0.4852272727272727 0.9207926829268293 0.11295454545454545 0.15835365853658537
8 0.6058116883116883 0.9316463414634146 0.12227272727272726 0.13670731707317074