8 0.08123333333333334 0.4031547619047619 0.13283333333333333 0.2436309523809524
8 0.20166666666666666 0.45928571428571424 0.09873333333333334 0.24726190476190477
8 0.23176666666666668 0.3556547619047619 0.12366666666666667 0.21172619047619048
8 0.22923333333333332 0.2400595238095238 0.14293333333333333 0.20208333333333334
8 0.3642 0.32071428571428573 0.13066666666666668 0.25261904761904763
8 0.3082 0.55375 0.13423333333333334 0.2494642857142857
8 0.44626666666666664 0.5296428571428572 0.14883333333333332 0.2773214285714286
8 0.3998 0.7255357142857143 0.14346666666666666 0.23023809523809524
8 0.82 0.9041071428571428 0.1412 0.19178571428571428
8 0.6983333333333334 0.8166071428571429 0.1543 0.2819642857142857
8 0.7834666666666666 0.603452380952381 0.15196666666666667 0.2500595238095238
8 0.9129666666666666 0.7388690476190476 0.13826666666666665 0.3225