8 0.15657718120805367 0.22994082840236685 0.14218120805369128 0.2111242603550296
8 0.17181208053691277 0.4449112426035503 0.1421476510067114 0.23106508875739643
8 0.34416107382550337 0.5691715976331361 0.1603020134228188 0.2753846153846154
8 0.3054697986577181 0.42502958579881656 0.12033557046979866 0.19893491124260354
8 0.44449664429530206 0.38289940828402363 0.15543624161073827 0.31591715976331364
8 0.4896644295302013 0.6289940828402367 0.16654362416107382 0.17698224852071007
8 0.6159731543624161 0.49041420118343193 0.15701342281879194 0.29905325443786984
8 0.7716778523489933 0.8472189349112427 0.1488255033557047 0.25106508875739647
8 0.24483221476510064 0.8482840236686391 0.1464765100671141 0.259585798816568
8 0.4485234899328859 0.1034319526627219 0.10986577181208054 0.18550295857988167
8 0.7927181208053691 0.2391715976331361 0.1653691275167785 0.1973372781065089