8 0.443 0.7333333333333334 0.13406666666666667 0.29595238095238097
8 0.5034333333333333 0.38119047619047625 0.09273333333333333 0.20285714285714285
8 0.44623333333333337 0.255 0.085 0.1806547619047619
8 0.6161000000000001 0.4948214285714285 0.13586666666666666 0.34285714285714286
8 0.9097666666666667 0.12071428571428572 0.14093333333333333 0.21761904761904763
8 0.8756 0.5702380952380952 0.1704 0.3111309523809524
8 0.8758666666666667 0.8650595238095239 0.1754 0.26982142857142855
8 0.6171333333333333 0.9394642857142858 0.10233333333333333 0.12101190476190475
8 0.03746666666666667 0.7425595238095238 0.07496666666666667 0.11208333333333333
8 0.15276666666666666 0.7539285714285714 0.053599999999999995 0.09916666666666667
8 0.2131333333333333 0.6489285714285714 0.04766666666666667 0.08755952380952381