8 0.10108108108108108 0.10639175257731959 0.1772972972972973 0.21283505154639173
8 0.27999999999999997 0.0997938144329897 0.17575289575289577 0.1995876288659794
8 0.45332046332046333 0.09484536082474226 0.1779150579150579 0.18969072164948453
8 0.628030888030888 0.0997938144329897 0.17984555984555983 0.1995876288659794
8 0.8088030888030887 0.09484536082474226 0.182007722007722 0.18969072164948453
8 0.9598841698841699 0.09896907216494845 0.08023166023166024 0.1979381443298969
8 0.04474903474903475 0.2891752577319588 0.0894980694980695 0.2406701030927835
8 0.1783783783783784 0.2957731958762887 0.18343629343629342 0.25056701030927836
8 0.36413127413127416 0.28670103092783505 0.18065637065637066 0.25221649484536085
8 0.5414285714285714 0.27298969072164947 0.16996138996138999 0.23670103092783507
8 0.718996138996139 0.28159793814432993 0.18351351351351353 0.24597938144329895
8 0.9045559845559845 0.26623711340206185 0.1834749034749035 0.24695876288659793
8 0.09 0.5041752577319588 0.18 0.25221649484536085
8 0.278996138996139 0.4989175257731959 0.18092664092664093 0.23938144329896907
8 0.467027027027027 0.4879896907216495 0.18231660231660232 0.24773195876288662
8 0.6467567567567567 0.5037628865979382 0.16532818532818533 0.23747422680412372
8 0.8218146718146718 0.4788659793814433 0.18254826254826256 0.2388144329896907
8 0.9584942084942085 0.4530927835051547 0.08301158301158301 0.24773195876288662
8 0.9197297297297298 0.6767010309278351 0.1605791505791506 0.25984536082474224
8 0.9693822393822393 0.8833505154639175 0.061235521235521236 0.21721649484536082
8 0.7418918918918919 0.6953608247422681 0.1813127413127413 0.24603092783505154
8 0.8447104247104247 0.8821649484536082 0.1818918918918919 0.23572164948453606
8 0.6574131274131274 0.8955154639175257 0.18146718146718147 0.20896907216494845
8 0.5618918918918919 0.7128865979381444 0.1750965250965251 0.24391752577319586
8 0.3794208494208494 0.7052577319587628 0.18138996138996138 0.2611340206185567
8 0.47069498069498067 0.8995876288659794 0.17567567567567569 0.20082474226804123
8 0.2808880308880309 0.8885567010309278 0.19517374517374517 0.22288659793814433
8 0.1779150579150579 0.7016494845360824 0.18262548262548262 0.24469072164948452
8 0.09092664092664093 0.8949484536082475 0.17772200772200772 0.21010309278350514
8 0.03922779922779923 0.7231443298969071 0.07783783783783783 0.2620618556701031