8 0.013359073359073359 0.6233505154639175 0.02667953667953668 0.07417525773195877
8 0.03 0.6818556701030928 0.05003861003861004 0.07778350515463918
8 0.07525096525096525 0.6626804123711341 0.0471042471042471 0.059329896907216496
8 0.1206949806949807 0.5052577319587629 0.08806949806949807 0.1697422680412371
8 0.023281853281853282 0.27711340206185564 0.046602316602316604 0.14448453608247425
8 0.10656370656370658 0.16216494845360827 0.08212355212355212 0.13288659793814434
8 0.5835135135135135 0.6394845360824742 0.08741312741312741 0.13242268041237115
8 0.4774131274131274 0.4832474226804124 0.0749034749034749 0.12350515463917526
8 0.5437065637065637 0.5704639175257732 0.06285714285714286 0.11396907216494845
8 0.8179150579150579 0.3477835051546392 0.06938223938223938 0.1177319587628866
8 0.7615444015444016 0.29649484536082477 0.08065637065637066 0.14237113402061857
8 0.9011583011583012 0.35871134020618556 0.05444015444015444 0.10742268041237113
8 0.9390733590733591 0.30371134020618556 0.05799227799227799 0.0908762886597938
8 0.9771428571428572 0.25417525773195876 0.045714285714285714 0.12355670103092783