8 0.030399999999999996 0.920327868852459 0.04214545454545454 0.08387978142076502
8 0.004654545454545455 0.9013661202185792 0.009272727272727273 0.07333333333333333
8 0.032545454545454544 0.849016393442623 0.04643636363636364 0.06103825136612022
8 0.3257818181818182 0.732896174863388 0.03647272727272727 0.08360655737704918
8 0.34883636363636367 0.6375409836065574 0.049563636363636365 0.07595628415300547
8 0.2466181818181818 0.47721311475409833 0.056836363636363636 0.09573770491803278
8 0.29978181818181815 0.45573770491803284 0.053854545454545454 0.10584699453551913
8 0.2881090909090909 0.5418579234972677 0.03738181818181818 0.10185792349726776
8 0.3347636363636364 0.537103825136612 0.03509090909090909 0.08721311475409836
8 0.3609090909090909 0.5834426229508196 0.029272727272727277 0.060109289617486336
8 0.4054181818181818 0.5195628415300546 0.03978181818181818 0.0966120218579235
8 0.3347272727272727 0.35797814207650275 0.04181818181818182 0.07961748633879781
8 0.3466909090909091 0.43295081967213117 0.029272727272727277 0.07224043715846995
8 0.3881818181818182 0.32726775956284154 0.043963636363636364 0.08830601092896175
8 0.4334181818181818 0.34672131147540985 0.05021818181818182 0.0792896174863388
8 0.5620727272727273 0.4027868852459016 0.04690909090909091 0.1128415300546448
8 0.5872363636363637 0.4666120218579235 0.04025454545454545 0.08650273224043716
8 0.6633818181818182 0.3001639344262295 0.04912727272727273 0.10420765027322404
8 0.7763636363636364 0.2769945355191257 0.04061818181818182 0.083551912568306
8 0.8667636363636364 0.3573770491803279 0.029054545454545454 0.06819672131147542
8 0.9038545454545455 0.35994535519125687 0.03265454545454546 0.054480874316939897
8 0.9867636363636364 0.13431693989071036 0.026436363636363636 0.05825136612021858
8 0.2447272727272727 0.10076502732240437 0.061381818181818176 0.1194535519125683
8 0.03225454545454545 0.2517486338797814 0.06123636363636364 0.11475409836065574