1 0.12578125 0.36640625 0.12109375 0.45
1 0.83515625 0.38359375 0.1015625 0.37734375
1 0.65546875 0.38984375 0.0828125 0.36953125
1 0.54296875 0.41015625 0.059375 0.38125
1 0.16484375 0.42421875 0.1734375 0.48671875
1 0.32578125 0.4359375 0.06640625 0.22109375
1 0.87578125 0.459375 0.08671875 0.41796875
1 0.409375 0.4609375 0.05390625 0.20234375
1 0.378125 0.46328125 0.059375 0.221875
1 0.63125 0.47109375 0.0734375 0.39765625
1 0.9296875 0.47265625 0.07734375 0.43203125
1 0.071875 0.49453125 0.08125 0.5078125
1 0.5703125 0.49453125 0.07265625 0.39609375
