1 0.0953125 0.26875 0.0734375 0.2953125
1 0.56640625 0.28984375 0.078125 0.33828125
1 0.88828125 0.30859375 0.0921875 0.37109375
1 0.46640625 0.31796875 0.059375 0.3453125
1 0.790625 0.35078125 0.08203125 0.3546875
1 0.54453125 0.36328125 0.07265625 0.35546875
1 0.24140625 0.3671875 0.09453125 0.36796875
1 0.12890625 0.375 0.06875 0.3484375
1 0.49140625 0.384375 0.06328125 0.3609375
1 0.17890625 0.39921875 0.059375 0.35546875
1 0.8640625 0.41953125 0.065625 0.40546875
1 0.81640625 0.43046875 0.05625 0.3640625
