1 0.734375 0.28828125 0.30703125 0.21484375
1 0.29765625 0.29296875 0.10703125 0.1359375
1 0.5640625 0.340625 0.06640625 0.14140625
1 0.25234375 0.3484375 0.13125 0.12578125
1 0.71171875 0.428125 0.29375 0.2171875
1 0.56796875 0.4921875 0.08515625 0.1203125
1 0.2421875 0.5390625 0.13125 0.19921875
1 0.5609375 0.578125 0.775 0.84375
1 0.73515625 0.58125 0.28515625 0.2984375
1 0.240625 0.62265625 0.11875 0.29296875
1 0.6015625 0.63125 0.1265625 0.21484375
1 0.26953125 0.69140625 0.16015625 0.38203125
1 0.71328125 0.69921875 0.28203125 0.21953125
1 0.52265625 0.7265625 0.08671875 0.2328125
1 0.8171875 0.76796875 0.13671875 0.30625
1 0.3703125 0.78828125 0.11796875 0.38203125
1 0.75703125 0.78828125 0.096875 0.15703125
1 0.87734375 0.8078125 0.13671875 0.36875
1 0.59140625 0.89375 0.1 0.21171875
1 0.4859375 0.91640625 0.10703125 0.1671875
1 0.66484375 0.91875 0.14140625 0.1515625
1 0.73203125 0.959375 0.15 0.08125
