11 0.107500 0.609678 0.215000 0.462514
11 0.208000 0.960569 0.166000 0.211235
11 0.493500 0.605674 0.353000 0.134150
11 0.598500 0.728811 0.459000 0.260289
11 0.474000 0.532592 0.154000 0.082091
11 0.513500 0.436986 0.129000 0.125139
11 0.638000 0.496052 0.244000 0.189210
11 0.769500 0.479533 0.343000 0.234260
11 0.656000 0.998611 0.070000 0.049054
11 0.827500 0.639712 0.283000 0.180201
11 0.760500 0.965575 0.131000 0.103115
11 0.844500 0.446497 0.283000 0.140157
11 0.861500 0.821414 0.285000 0.137153
