9 0.257538 0.789000 0.175026 0.334000
9 0.283541 0.122500 0.211031 0.245000
9 0.360053 0.746500 0.200029 0.309000
9 0.339550 0.454000 0.147022 0.226000
9 0.369554 0.983000 0.159023 0.202000
9 0.457068 0.886000 0.136021 0.162000
9 0.518576 0.432000 0.237035 0.358000
9 0.521577 0.115500 0.145022 0.231000
9 0.553082 0.798500 0.208032 0.385000
9 0.635094 0.610000 0.186028 0.222000
9 0.723607 0.793000 0.177026 0.222000
9 0.745610 0.241000 0.173026 0.216000
9 0.789617 0.463500 0.183026 0.377000
9 0.865628 0.683500 0.167024 0.315000
9 0.942639 0.458000 0.139021 0.240000
9 0.964643 0.842000 0.145022 0.254000
