9 0.090000 0.602170 0.082000 0.089099
9 0.074500 0.852449 0.031000 0.043047
9 0.167000 0.589656 0.082000 0.084093
9 0.157500 0.455507 0.049000 0.070078
9 0.200500 0.845441 0.123000 0.123136
9 0.249500 0.345885 0.037000 0.035039
9 0.305000 0.419467 0.074000 0.064072
9 0.369500 0.465518 0.051000 0.074082
9 0.473000 0.912015 0.058000 0.052058
9 0.525000 0.391936 0.072000 0.065073
9 0.670500 0.455507 0.113000 0.082091
9 0.750500 0.686263 0.137000 0.141157
9 0.786000 0.354895 0.080000 0.099111
9 0.860500 0.442993 0.103000 0.061068
9 0.854000 0.477031 0.078000 0.121134
9 0.888000 0.777865 0.112000 0.102113
9 0.922000 0.286319 0.062000 0.072080
9 1.000000 0.410457 0.066000 0.090099
