9 0.073500 0.936500 0.079000 0.169000
9 0.128500 0.767500 0.167000 0.145000
9 0.162500 0.282500 0.235000 0.357000
9 0.190500 0.550500 0.287000 0.334999
9 0.121000 0.995500 0.116000 0.291000
9 0.096000 0.617500 0.062000 0.193000
9 0.255000 0.916000 0.120000 0.170000
9 0.450500 0.199000 0.507000 0.244000
9 0.428000 0.846500 0.354000 0.155000
9 0.430000 0.707000 0.336000 0.248000
9 0.465000 0.439500 0.362000 0.279000
9 0.390500 0.110000 0.109000 0.128000
9 0.743500 0.438500 0.339000 0.207000
9 0.755500 0.648500 0.355000 0.379000
9 0.808000 0.302000 0.328000 0.298000
