1 0.900000 0.826531 0.197500 0.343537
1 0.235625 0.213435 0.183750 0.229592
1 0.518125 0.074830 0.221250 0.149660
1 0.730625 0.165816 0.211250 0.260204
1 0.383125 0.098639 0.278750 0.197279
1 0.078125 0.302721 0.156250 0.231293
1 0.246250 0.862245 0.282500 0.272109
1 0.563125 0.871599 0.403750 0.253401
1 0.857500 0.681973 0.282500 0.380952
1 0.307500 0.350340 0.195000 0.326531
1 0.482500 0.641156 0.362500 0.326531
1 0.186250 0.535714 0.275000 0.408163
1 0.090625 0.637755 0.181250 0.421769
1 0.536250 0.333333 0.337500 0.353741
