1 0.4671875 0.2796875 0.08359375 0.1
1 0.62734375 0.2875 0.04765625 0.10234375
1 0.55 0.37421875 0.11484375 0.28359375
1 0.33984375 0.375 0.11484375 0.26484375
1 0.4234375 0.396875 0.1375 0.24140625
1 0.6515625 0.39765625 0.1890625 0.2578125
1 0.2796875 0.4421875 0.21875 0.2171875
1 0.72265625 0.4578125 0.2546875 0.15625
1 0.19921875 0.48125 0.0984375 0.0921875
1 0.503125 0.4890625 0.83125 0.5140625
1 0.7296875 0.53515625 0.24140625 0.17265625
1 0.85234375 0.5546875 0.125 0.1015625
1 0.23984375 0.57421875 0.28984375 0.10625
1 0.15859375 0.6265625 0.11015625 0.0546875
1 0.3078125 0.63515625 0.18515625 0.11015625
1 0.7484375 0.66328125 0.27109375 0.13359375
1 0.22890625 0.6890625 0.28984375 0.09765625
