8 0.21365384615384614 0.9389903846153846 0.07632211538461539 0.1219951923076923
8 0.779014423076923 0.1738221153846154 0.09766826923076924 0.1433173076923077
8 0.6407932692307692 0.1931971153846154 0.10608173076923078 0.18329326923076922
8 0.037572115384615384 0.056490384615384616 0.0751201923076923 0.11298076923076923
8 0.4941346153846154 0.4055048076923077 0.11149038461538462 0.1878125
8 0.6786538461538462 0.4660576923076923 0.10064903846153846 0.15204326923076922
8 0.18838942307692308 0.5081009615384615 0.11057692307692307 0.13103365384615384
8 0.28771634615384617 0.4854326923076923 0.10124999999999999 0.16317307692307692
8 0.27584134615384615 0.6119230769230769 0.10754807692307693 0.18117788461538462
8 0.663076923076923 0.5701442307692308 0.0951923076923077 0.13709134615384616
8 0.4940625 0.07139423076923077 0.10701923076923078 0.1386298076923077
8 0.8271875000000001 0.05403846153846154 0.13016826923076924 0.10805288461538462
8 0.8760096153846154 0.1004326923076923 0.06600961538461539 0.08052884615384616
8 0.47283653846153845 0.7169951923076923 0.10701923076923078 0.13338942307692309
8 0.10740384615384616 0.8079567307692308 0.081875 0.10362980769230769
8 0.8483173076923076 0.838076923076923 0.1161298076923077 0.20759615384615385