13 0.342500 0.151500 0.021000 0.028999
13 0.353500 0.162500 0.023000 0.021000
13 0.382500 0.093000 0.035000 0.018000
13 0.692000 0.826500 0.058000 0.075000
13 0.733000 0.747000 0.108000 0.109999
13 0.741500 0.402500 0.075000 0.077000
13 0.750500 0.878000 0.089000 0.112000
13 0.741000 0.808000 0.054000 0.046000
13 0.740500 0.609500 0.039000 0.045000
13 0.796000 0.938500 0.130000 0.149000
13 0.770500 0.612500 0.033000 0.043000
13 0.788000 0.323000 0.048000 0.064000
13 0.787500 0.249000 0.039000 0.040001
13 0.805500 0.581500 0.071000 0.097000
13 0.814500 0.513500 0.043000 0.077000
13 0.835500 0.252000 0.073000 0.070001
13 0.858000 0.327500 0.110000 0.073000
13 0.898000 0.994500 0.128000 0.093000
