13 0.303500 0.181500 0.041000 0.040999
13 0.514000 0.658000 0.148000 0.172000
13 0.573000 0.418500 0.064000 0.051000
13 0.598500 0.458500 0.041000 0.037000
13 0.620500 0.476500 0.031000 0.031000
13 0.644000 0.498000 0.050000 0.037999
13 0.769500 0.517500 0.031000 0.039000
13 0.794000 0.511500 0.036000 0.043001
13 0.816500 0.505000 0.035000 0.052000
13 0.846500 0.498000 0.037000 0.054000
13 0.885000 0.499000 0.036000 0.048000
13 0.919000 0.501000 0.042000 0.055999
13 0.958500 0.516500 0.049000 0.049000
13 0.990500 0.527000 0.043000 0.046000
