13 0.053000 0.346520 0.106000 0.189012
13 0.079000 0.710542 0.158000 0.265015
13 0.204000 0.870051 0.408000 0.386023
13 0.225500 0.510530 0.451000 0.357021
13 0.240500 0.205012 0.269000 0.320019
13 0.276500 0.691541 0.217000 0.209012
13 0.410000 0.114007 0.176000 0.228014
13 0.562500 0.770046 0.449000 0.444026
13 0.562000 0.349521 0.330000 0.367022
13 0.608500 0.144509 0.357000 0.289017
13 0.878500 0.531531 0.371000 0.361022
13 0.964500 0.887052 0.449000 0.256015
13 0.946500 0.192011 0.385000 0.318018
