13 0.524000 0.869500 0.218000 0.187000
13 0.221500 0.862500 0.039000 0.027000
13 0.285500 0.813500 0.035000 0.029000
13 0.298000 0.880500 0.040000 0.031001
13 0.372500 0.782000 0.143000 0.146000
13 0.338500 0.890500 0.037000 0.029000
13 0.369500 0.677500 0.079000 0.103000
13 0.393000 0.899500 0.018000 0.027000
13 0.480500 0.628500 0.029000 0.019001
13 0.583500 0.634500 0.159000 0.103001
13 0.623500 0.944000 0.037000 0.050000
13 0.676000 0.950000 0.056000 0.042000
13 0.768500 0.730000 0.041000 0.026000
13 0.879000 0.863000 0.262000 0.238000
13 0.907500 0.635500 0.143000 0.109000
13 0.887500 0.388500 0.031000 0.028999
13 0.908500 0.445500 0.045000 0.034999
13 0.945000 0.440000 0.048000 0.038000
13 0.983000 0.631000 0.078000 0.076000
