13 0.170834 0.600403 0.197222 0.120774
13 0.190972 0.739918 0.229166 0.180468
13 0.388889 0.862081 0.269445 0.197127
13 0.356250 0.487957 0.106944 0.076352
13 0.608334 0.989102 0.377778 0.159645
13 0.567361 0.927327 0.273611 0.222114
13 0.515278 0.438676 0.069445 0.063858
13 0.566666 0.611508 0.136110 0.126327
13 0.622917 0.499757 0.095834 0.080516
13 0.799306 0.501145 0.084723 0.066634
13 0.900694 0.761435 0.215277 0.190185
13 0.904167 0.587908 0.125000 0.123552
13 0.993055 0.873186 0.261112 0.252655
13 0.961806 0.478239 0.070834 0.062470
