13 0.022500 0.788968 0.029000 0.029998
13 0.087500 0.880964 0.053000 0.053998
13 0.130000 0.927963 0.064000 0.045998
13 0.145000 0.796968 0.040000 0.029998
13 0.188000 0.932963 0.056000 0.029998
13 0.177000 0.790469 0.030000 0.020999
13 0.254500 0.872965 0.173000 0.057998
13 0.249000 0.926462 0.056000 0.052999
13 0.322000 0.791968 0.160000 0.039997
13 0.357000 0.943962 0.064000 0.055999
13 0.369000 0.891464 0.040000 0.042998
13 0.407500 0.896964 0.037000 0.031998
13 0.417000 0.855466 0.056000 0.044999
13 0.489000 0.796969 0.040000 0.033999
13 0.516000 0.931962 0.078000 0.063998
13 0.534500 0.955962 0.067000 0.053999
13 0.586500 0.857965 0.053000 0.039999
13 0.604000 0.914464 0.066000 0.056998
13 0.648000 0.942463 0.074000 0.048998
13 0.733500 0.957462 0.059000 0.034999
13 0.730500 0.787968 0.037000 0.031998
13 0.761500 0.870465 0.035000 0.042999
13 0.796000 0.879465 0.056000 0.044999
13 0.806500 0.896965 0.045000 0.041999
13 0.828000 0.954462 0.072000 0.050999
13 0.889500 0.898464 0.045000 0.044997
13 0.899000 0.867465 0.032000 0.042999
13 0.925500 0.908964 0.059000 0.045998
13 0.925500 0.971961 0.043000 0.047999
13 0.944000 0.874465 0.042000 0.034999
13 0.985500 0.871965 0.051000 0.039999
