13 0.495500 0.575668 0.067000 0.041011
13 0.510000 0.845247 0.034000 0.060018
13 0.551000 0.948777 0.030000 0.021007
13 0.554000 0.639186 0.020000 0.020006
13 0.554000 0.970283 0.016000 0.022006
13 0.569500 0.643188 0.035000 0.020005
13 0.576500 0.970283 0.021000 0.018005
13 0.587000 0.950778 0.024000 0.021006
13 0.600000 0.967283 0.022000 0.020005
13 0.637500 0.961281 0.039000 0.058017
13 0.721500 0.915267 0.039000 0.030009
13 0.729500 0.661693 0.035000 0.037010
13 0.770000 0.571667 0.096000 0.049014
13 0.867500 0.886259 0.041000 0.064019
13 0.922000 0.896762 0.022000 0.043013
