6 0.60703125 0.496875 0.46796875 0.1953125
6 0.76953125 0.26953125 0.45546875 0.23125
6 0.5578125 0.0640625 0.41875 0.12734375
6 0.25625 0.22109375 0.4703125 0.21796875
6 0.23359375 0.70078125 0.46171875 0.16171875
6 0.665625 0.81640625 0.22578125 0.1234375
6 0.89296875 0.8296875 0.2140625 0.1171875
6 0.9109375 0.66640625 0.178125 0.1421875
6 0.89140625 0.04765625 0.2171875 0.0953125
6 0.146875 0.4140625 0.2828125 0.10625
6 0.17578125 0.10234375 0.34921875 0.18046875
6 0.6046875 0.978125 0.4296875 0.03828125