6 0.13125 0.53984375 0.253125 0.16953125
6 0.36484375 0.5203125 0.25234375 0.153125
6 0.628125 0.55703125 0.26953125 0.17734375
6 0.88359375 0.771875 0.13046875 0.2890625
6 0.7625 0.7546875 0.10859375 0.346875
6 0.65859375 0.7921875 0.090625 0.2953125
6 0.55703125 0.78125 0.1109375 0.3171875
6 0.4375 0.76953125 0.10390625 0.33984375
6 0.32734375 0.7640625 0.121875 0.33984375
6 0.20390625 0.7640625 0.11171875 0.3625
6 0.08203125 0.77421875 0.12890625 0.37265625
6 0.91953125 0.20703125 0.090625 0.303125
6 0.81484375 0.20078125 0.0984375 0.29375
6 0.71640625 0.18828125 0.09375 0.26953125
6 0.60234375 0.17890625 0.1109375 0.2734375
6 0.41796875 0.221875 0.13515625 0.29765625
6 0.31640625 0.1875 0.09375 0.2140625
6 0.22578125 0.2171875 0.08671875 0.2671875
6 0.1171875 0.22578125 0.10703125 0.2328125
6 0.03203125 0.2609375 0.06328125 0.29296875
6 0.8703125 0.44765625 0.228125 0.18984375
6 0.62265625 0.38671875 0.25703125 0.14765625
6 0.36484375 0.36640625 0.24609375 0.15078125
6 0.12578125 0.38359375 0.25 0.1265625