6 0.23984375 0.18984375 0.30390625 0.078125
6 0.296875 0.69921875 0.28125 0.10546875
6 0.1984375 0.82265625 0.396875 0.0859375
6 0.78125 0.73828125 0.40234375 0.11171875
6 0.48515625 0.1625 0.2609375 0.078125
6 0.28359375 0.48671875 0.26875 0.19765625
6 0.21640625 0.340625 0.17578125 0.2328125
6 0.57109375 0.52734375 0.30625 0.11328125
6 0.490625 0.41328125 0.31484375 0.21015625
6 0.74921875 0.284375 0.2328125 0.27265625
6 0.92265625 0.153125 0.078125 0.20859375
6 0.93125 0.36015625 0.10625 0.28984375