2 0.2890625 0.18515625 0.25546875 0.21640625
2 0.25234375 0.46015625 0.290625 0.32890625
2 0.43671875 0.575 0.271875 0.31796875
2 0.490625 0.34375 0.21796875 0.22734375
2 0.69453125 0.45625 0.2875 0.353125
2 0.546875 0.10390625 0.309375 0.2078125
2 0.7515625 0.23828125 0.309375 0.28515625
2 0.68125 0.79140625 0.2875 0.31796875
2 0.33046875 0.79609375 0.32265625 0.309375
2 0.1234375 0.67421875 0.246875 0.2984375
2 0.89609375 0.6359375 0.2078125 0.359375
2 0.16015625 0.21796875 0.271875 0.29296875
