2 0.146875 0.509375 0.16875 0.26015625
2 0.2875 0.56484375 0.20859375 0.2625
2 0.44765625 0.6796875 0.2109375 0.32578125
2 0.628125 0.85390625 0.19140625 0.22734375
2 0.67890625 0.61953125 0.15625 0.2421875
2 0.5078125 0.50625 0.2109375 0.18828125
2 0.390625 0.409375 0.1734375 0.18515625
2 0.26015625 0.33125 0.19375 0.1734375
2 0.10546875 0.3375 0.12578125 0.12578125
2 0.18125 0.2375 0.15625 0.134375
2 0.271875 0.15078125 0.15625 0.128125
2 0.37421875 0.25546875 0.15078125 0.15234375
2 0.5453125 0.26015625 0.2265625 0.13125
2 0.6296875 0.3734375 0.18828125 0.22734375
2 0.75546875 0.4734375 0.1484375 0.3015625
2 0.73671875 0.28046875 0.1609375 0.22734375
2 0.91015625 0.4140625 0.15625 0.2
