2 0.19765625 0.5140625 0.371875 0.77421875
2 0.47109375 0.15390625 0.13515625 0.16015625
2 0.47578125 0.3171875 0.15 0.14296875
2 0.4828125 0.4421875 0.14140625 0.11328125
2 0.48984375 0.5453125 0.13828125 0.1046875
2 0.4953125 0.64765625 0.1328125 0.11015625
2 0.51015625 0.753125 0.115625 0.09609375
2 0.50546875 0.90625 0.12421875 0.13203125
2 0.6328125 0.10859375 0.1875 0.14609375
2 0.653125 0.31015625 0.14140625 0.140625
2 0.64140625 0.43828125 0.14140625 0.11015625
2 0.65390625 0.5375 0.14375 0.115625
2 0.64375 0.6421875 0.1296875 0.1046875
2 0.6515625 0.78359375 0.14375 0.14609375
2 0.67109375 0.91875 0.1328125 0.13515625
2 0.7953125 0.15703125 0.109375 0.115625
2 0.834375 0.2671875 0.17578125 0.165625
2 0.82734375 0.415625 0.184375 0.1375
2 0.8125 0.5671875 0.2078125 0.1484375
2 0.8109375 0.71796875 0.2046875 0.14609375
2 0.8484375 0.87734375 0.19921875 0.140625
