2 0.55625 0.20625 0.28125 0.2453125
2 0.42109375 0.61171875 0.25703125 0.2984375
2 0.72734375 0.45703125 0.19765625 0.22265625
2 0.5296875 0.39296875 0.22421875 0.23984375
2 0.38125 0.296875 0.14296875 0.28671875
2 0.73984375 0.809375 0.25703125 0.2984375
2 0.58671875 0.72265625 0.17109375 0.33671875
2 0.4515625 0.85625 0.2 0.24765625
2 0.28359375 0.75078125 0.1359375 0.1640625
2 0.159375 0.54609375 0.20859375 0.334375
2 0.275 0.2453125 0.1234375 0.2671875
2 0.846875 0.3734375 0.15625 0.23984375
2 0.82734375 0.64375 0.2046875 0.27265625
2 0.92890625 0.54609375 0.1296875 0.25625
