12 0.30703125 0.85625 0.2046875 0.16875
12 0.31328125 0.509375 0.1953125 0.171875
12 0.30390625 0.68359375 0.2140625 0.1734375
12 0.31015625 0.15859375 0.1953125 0.1828125
12 0.3171875 0.33515625 0.184375 0.1671875
12 0.7578125 0.86015625 0.18125 0.1328125
12 0.59140625 0.83203125 0.1765625 0.1453125
12 0.5984375 0.14765625 0.178125 0.1421875
12 0.0328125 0.87265625 0.065625 0.1390625
12 0.76171875 0.44921875 0.1859375 0.1421875
12 0.76875 0.15078125 0.184375 0.1484375
12 0.765625 0.58671875 0.178125 0.1328125
12 0.75546875 0.7234375 0.1953125 0.14375
12 0.5984375 0.571875 0.165625 0.13125
12 0.60234375 0.43671875 0.1609375 0.1453125
12 0.76796875 0.30078125 0.1921875 0.1515625
12 0.59921875 0.2890625 0.1640625 0.14375
12 0.6 0.696875 0.165625 0.121875
