14 0.045511 0.447000 0.091023 0.162000
14 0.051013 0.281500 0.102026 0.169000
14 0.088023 0.132500 0.176046 0.205000
14 0.104026 0.057500 0.208053 0.115000
14 0.193550 0.767500 0.303077 0.273000
14 0.297076 0.539000 0.238062 0.266000
14 0.288575 0.341500 0.205052 0.197000
14 0.309579 0.125500 0.181046 0.175000
14 0.317581 0.232500 0.175045 0.213000
14 0.353091 0.056000 0.158040 0.112000
14 0.479123 0.833500 0.230059 0.257000
14 0.542639 0.587500 0.231060 0.171000
14 0.550141 0.419500 0.214054 0.243000
14 0.561144 0.157000 0.186047 0.210000
14 0.572147 0.293500 0.192049 0.205000
14 0.599654 0.074000 0.115029 0.148000
14 0.743191 0.042500 0.134035 0.085000
14 0.770198 0.190000 0.156041 0.156000
14 0.798706 0.323000 0.197051 0.186000
14 0.818210 0.474500 0.208054 0.243000
14 0.797705 0.089000 0.145037 0.156000
14 0.851219 0.840500 0.246064 0.259000
14 0.848218 0.623500 0.224058 0.241000
14 0.906232 0.045500 0.104027 0.091000
14 0.945743 0.072000 0.123033 0.142000
14 0.985253 0.152000 0.142037 0.142000
