12 0.253500 0.121436 0.131000 0.114940
12 0.242500 0.573200 0.043000 0.046976
12 0.259500 0.614178 0.029000 0.054971
12 0.314500 0.397292 0.087000 0.112941
12 0.510500 0.760102 0.031000 0.042977
12 0.543500 0.491243 0.039000 0.038979
12 0.616000 0.319833 0.086000 0.081957
12 0.618000 0.423778 0.078000 0.079958
12 0.633500 0.393294 0.043000 0.046975
12 0.719500 0.391794 0.051000 0.073961
12 0.786500 0.863048 0.041000 0.048975
12 0.814000 0.280353 0.088000 0.062967
12 0.812000 0.404288 0.056000 0.056971
12 0.847500 0.431774 0.053000 0.059969
12 0.892500 0.390795 0.037000 0.025987
12 0.901500 0.433273 0.041000 0.048975
12 0.938000 0.277355 0.024000 0.036980
12 0.962500 0.381800 0.049000 0.053971
