12 0.402500 0.547000 0.017000 0.014000
12 0.447500 0.332500 0.087000 0.025000
12 0.415000 0.443500 0.012000 0.025000
12 0.426000 0.444500 0.014000 0.023000
12 0.431000 0.543000 0.008000 0.010001
12 0.436500 0.444500 0.011000 0.019000
12 0.447000 0.442500 0.014000 0.022999
12 0.449000 0.563500 0.010000 0.015000
12 0.466500 0.560500 0.009000 0.017000
12 0.515000 0.582000 0.102000 0.025999
12 0.476000 0.549000 0.014000 0.010001
12 0.567000 0.322000 0.134000 0.046000
12 0.530500 0.466500 0.013000 0.016999
12 0.595500 0.469500 0.101000 0.031001
12 0.584000 0.625500 0.012000 0.015000
12 0.662500 0.654500 0.103000 0.029000
12 0.627500 0.335500 0.013000 0.023000
12 0.638000 0.335000 0.024000 0.010000
12 0.656500 0.330000 0.013000 0.019999
12 0.677000 0.623500 0.054000 0.025000
12 0.673000 0.335000 0.016000 0.010000
12 0.737000 0.318500 0.108000 0.043000
12 0.751000 0.495000 0.126000 0.058001
12 0.771000 0.713500 0.016000 0.023000
12 0.780500 0.726500 0.023000 0.031000
12 0.834500 0.308500 0.079000 0.039000
12 0.813500 0.689000 0.011000 0.022000
12 0.821500 0.699500 0.023000 0.023000
12 0.825500 0.730500 0.023000 0.031001
12 0.859000 0.703500 0.022000 0.022999
12 0.863000 0.689000 0.022000 0.018000
12 0.950000 0.545000 0.174000 0.048000
12 0.879000 0.326500 0.014000 0.029000
12 0.885500 0.728500 0.027000 0.027000
12 0.896500 0.315000 0.025000 0.025999
12 0.897500 0.328500 0.027000 0.037001
12 0.893000 0.703500 0.016000 0.019001
12 0.909500 0.716500 0.021000 0.021000
12 0.921000 0.306500 0.016000 0.023000
12 0.923500 0.324500 0.021000 0.029000
12 0.950500 0.330500 0.029000 0.029000
12 0.974500 0.324500 0.029000 0.033000
12 0.977000 0.308000 0.024000 0.012000
