12 0.040666 0.586286 0.081333 0.225443
12 0.121334 0.906442 0.242667 0.318822
12 0.130667 0.258793 0.232000 0.405531
12 0.212000 0.583618 0.298666 0.281471
12 0.394666 0.973142 0.413333 0.185424
12 0.318666 0.103384 0.258667 0.188092
12 0.393334 0.310151 0.330667 0.313486
12 0.457334 0.644981 0.346667 0.446885
12 0.524000 0.156076 0.197334 0.296145
12 0.642000 0.957801 0.366666 0.216105
12 0.704666 0.096047 0.281333 0.192094
12 0.660000 0.299479 0.184000 0.206768
12 0.741334 0.672328 0.258667 0.557605
12 0.773334 0.197430 0.226667 0.290809
12 0.916666 0.970474 0.286667 0.190760
12 0.952000 0.125395 0.304000 0.250789
