14 0.043818 0.673881 0.087637 0.140287
14 0.081377 0.779097 0.162754 0.220451
14 0.096401 0.602485 0.187794 0.192896
14 0.122692 0.226715 0.230360 0.142793
14 0.110173 0.285585 0.090141 0.160329
14 0.197809 0.480986 0.210328 0.165339
14 0.204069 0.787865 0.172771 0.248008
14 0.314241 0.361992 0.257902 0.112731
14 0.386854 0.458439 0.262912 0.215442
14 0.316745 0.765319 0.082629 0.122752
14 0.504538 0.478481 0.082629 0.110226
14 0.590923 0.688912 0.255398 0.175360
14 0.592175 0.572423 0.177778 0.102710
14 0.619718 0.985771 0.232864 0.117741
14 0.627230 0.447167 0.172770 0.177864
14 0.709859 0.920637 0.222848 0.157824
14 0.752426 0.429630 0.137715 0.102710
14 0.883881 0.457187 0.150235 0.187885
14 0.923944 0.340699 0.170266 0.165339
