8 0.12016826923076923 0.5057692307692307 0.0889423076923077 0.16598557692307692
8 0.022884615384615385 0.2779086538461538 0.04576923076923077 0.1419951923076923
8 0.7613461538461539 0.31490384615384615 0.08057692307692309 0.10211538461538461
8 0.8170913461538463 0.3492067307692308 0.06697115384615385 0.12271634615384615
8 0.47870192307692305 0.4830528846153846 0.07507211538461539 0.1183173076923077
8 0.10706730769230768 0.16079326923076923 0.08221153846153847 0.1230528846153846
8 0.027235576923076925 0.6831730769230769 0.05447115384615385 0.06923076923076923
8 0.07891826923076922 0.666201923076923 0.0448798076923077 0.06800480769230768
8 0.012403846153846154 0.6230048076923077 0.02480769230769231 0.06108173076923077
8 0.5839663461538461 0.6393990384615384 0.08879807692307692 0.13639423076923077
8 0.9759855769230769 0.23884615384615385 0.04802884615384616 0.10108173076923076
8 0.9405288461538461 0.3055288461538461 0.0595673076923077 0.08290865384615385
8 0.90125 0.35838942307692306 0.054543269230769235 0.10170673076923077
8 0.8939182692307692 0.4518028846153846 0.04879807692307692 0.07461538461538461
8 0.37283653846153847 0.18514423076923076 0.06478365384615384 0.09769230769230769