8 0.24947115384615384 0.5638221153846155 0.1263701923076923 0.19221153846153843
8 0.7252403846153845 0.8600240384615384 0.12045673076923077 0.1816826923076923
8 0.8882211538461539 0.234375 0.06971153846153846 0.10817307692307693
8 0.6356490384615385 0.23189903846153845 0.1315625 0.1819951923076923
8 0.46838942307692305 0.31435096153846154 0.13468750000000002 0.1881971153846154
8 0.3560817307692308 0.34781249999999997 0.12920673076923078 0.18507211538461538
8 0.7107932692307692 0.37713942307692305 0.12920673076923078 0.22697115384615385
8 0.8405769230769231 0.9150961538461538 0.08149038461538462 0.10802884615384614
8 0.928701923076923 0.720576923076923 0.08026442307692308 0.10290865384615386
8 0.9561538461538461 0.6534134615384615 0.07360576923076924 0.11346153846153847
8 0.8807211538461538 0.37478365384615386 0.10379807692307692 0.12480769230769231
8 0.8914182692307692 0.45968749999999997 0.07634615384615386 0.09543269230769232
8 0.18824519230769232 0.623125 0.08353365384615384 0.13103365384615384
8 0.13615384615384615 0.7206009615384615 0.07228365384615384 0.14177884615384614