15 0.041000 0.597446 0.082000 0.270202
15 0.053000 0.040030 0.106000 0.080060
15 0.072500 0.363271 0.145000 0.180135
15 0.077500 0.184137 0.155000 0.228170
15 0.077500 0.891165 0.155000 0.283212
15 0.124000 0.415811 0.170000 0.191142
15 0.180000 0.571927 0.222000 0.227169
15 0.227000 0.844631 0.254000 0.272204
15 0.287000 0.145109 0.242000 0.198148
15 0.301000 0.031023 0.210000 0.062046
15 0.355500 0.361270 0.223000 0.242181
15 0.364500 0.797095 0.139000 0.117087
15 0.451000 0.956214 0.258000 0.279209
15 0.468000 0.516386 0.268000 0.244181
15 0.488500 0.097573 0.231000 0.195145
15 0.554500 0.327745 0.207000 0.199150
15 0.600500 0.693018 0.267000 0.265198
15 0.598000 0.258693 0.238000 0.185139
15 0.751000 0.861643 0.344000 0.346259
15 0.704500 0.459843 0.213000 0.229171
15 0.713000 0.061546 0.222000 0.123091
15 0.877000 0.583936 0.328000 0.281210
15 0.913000 0.046535 0.186000 0.093069
