15 0.120000 0.759259 0.234074 0.268147
15 0.169630 0.984444 0.262222 0.188149
15 0.248889 0.860000 0.237038 0.232592
15 0.256296 0.621482 0.248890 0.232592
15 0.446666 0.945185 0.312594 0.216296
15 0.428148 0.678519 0.216296 0.257778
15 0.562963 0.756297 0.245926 0.223704
15 0.550370 0.557038 0.176296 0.180741
15 0.717778 0.597037 0.235555 0.228147
15 0.757038 0.866666 0.216296 0.219259
15 0.745185 0.451852 0.180741 0.168888
15 0.895555 0.686666 0.232592 0.223704
15 0.927407 0.485185 0.225186 0.217778
15 0.931111 0.368889 0.188149 0.145186
15 0.959259 0.928148 0.244445 0.229630
