15 0.041000 0.367500 0.082000 0.135000
15 0.053500 0.094500 0.107000 0.135000
15 0.073000 0.552500 0.146000 0.293000
15 0.127500 0.237000 0.255000 0.258000
15 0.126500 0.033500 0.217000 0.067000
15 0.198500 0.766000 0.317000 0.370000
15 0.187000 0.097500 0.232000 0.160999
15 0.283500 0.370500 0.341000 0.346999
15 0.373000 0.081000 0.244000 0.162000
15 0.470000 0.517500 0.318000 0.339000
15 0.413500 0.791000 0.159000 0.266000
15 0.503000 0.224000 0.252000 0.260000
15 0.666500 0.835500 0.421000 0.405000
15 0.688500 0.363500 0.271000 0.271000
15 0.742000 0.053000 0.284000 0.106000
15 0.780000 0.138000 0.306000 0.222000
15 0.947500 0.636500 0.393000 0.403000
15 0.952500 0.276500 0.287000 0.287000
15 0.928000 0.914000 0.172000 0.206000
