13 0.057500 0.497500 0.115000 0.125000
13 0.073750 0.720001 0.147501 0.135000
13 0.150000 0.337500 0.200000 0.109998
13 0.113750 0.181250 0.112501 0.107501
13 0.218750 0.057500 0.127501 0.075000
13 0.231250 0.540000 0.147499 0.100000
13 0.242500 0.181250 0.109998 0.102501
13 0.301250 0.776250 0.177501 0.137501
13 0.321250 0.381250 0.162501 0.132499
13 0.369999 0.058750 0.155000 0.107499
13 0.411250 0.641250 0.172499 0.147499
13 0.456250 0.205000 0.152499 0.100000
13 0.532499 0.798750 0.200000 0.137501
13 0.572500 0.398750 0.165000 0.132499
13 0.568750 0.088750 0.152499 0.097501
13 0.685001 0.641250 0.215000 0.182499
13 0.703750 0.285000 0.162501 0.110000
13 0.802500 0.451250 0.255000 0.107501
13 0.783750 0.117500 0.147499 0.095000
13 0.805000 0.787501 0.180000 0.120000
13 0.886250 0.307501 0.187499 0.150000
13 0.942501 0.617500 0.200000 0.125000
