13 0.626788 0.722273 0.087010 0.128977
13 0.068479 0.449808 0.136958 0.087059
13 0.118429 0.331310 0.236858 0.149936
13 0.272306 0.482859 0.206243 0.120916
13 0.383485 0.348238 0.193354 0.099957
13 0.517221 0.698895 0.119235 0.143487
13 0.556697 0.620703 0.117624 0.087059
13 0.591339 0.676325 0.083786 0.108019
13 0.645318 0.540093 0.140181 0.087059
13 0.667875 0.590877 0.120845 0.056427
13 0.695267 0.677937 0.082176 0.156385
13 0.769386 0.553796 0.091843 0.114467
13 0.775830 0.670682 0.085398 0.148324
13 0.850755 0.629570 0.070896 0.149936
13 0.887815 0.552990 0.090232 0.074162
13 0.938570 0.620703 0.088621 0.080610
