15 0.317500 0.638841 0.037000 0.035019
15 0.319500 0.689368 0.037000 0.050026
15 0.323500 0.750900 0.041000 0.041022
15 0.340000 0.601821 0.050000 0.043023
15 0.334500 0.703875 0.035000 0.045023
15 0.365500 0.750900 0.047000 0.045023
15 0.394500 0.596818 0.047000 0.045024
15 0.409500 0.727388 0.049000 0.044024
15 0.434500 0.597819 0.033000 0.043023
15 0.453500 0.748899 0.043000 0.041021
15 0.459500 0.710880 0.043000 0.059032
15 0.469500 0.636840 0.041000 0.051027
15 0.480500 0.613828 0.039000 0.025013
