4 0.4855769230769231 0.17427884615384615 0.16346153846153846 0.23798076923076922
4 0.7944711538461539 0.28365384615384615 0.1875 0.28846153846153844
4 0.29927884615384615 0.4651442307692308 0.5144230769230769 0.9302884615384616
4 0.5817307692307693 0.4987980769230769 0.1971153846153846 0.34615384615384615
4 0.9098557692307693 0.5228365384615384 0.16346153846153846 0.2548076923076923
4 0.7908653846153846 0.5805288461538461 0.20432692307692307 0.2091346153846154
4 0.6574519230769231 0.7235576923076923 0.19230769230769232 0.1971153846153846
4 0.8341346153846154 0.7884615384615384 0.17548076923076922 0.2620192307692308
4 0.4831730769230769 0.8317307692307693 0.13701923076923078 0.24519230769230768
4 0.7055288461538461 0.8689903846153846 0.1346153846153846 0.16826923076923078
