4 0.4182692307692308 0.41947115384615385 0.6802884615384616 0.6875
4 0.2536057692307692 0.5793269230769231 0.15625 0.2283653846153846
4 0.7860576923076923 0.6454326923076923 0.20192307692307693 0.21153846153846154
4 0.0985576923076923 0.6430288461538461 0.18269230769230768 0.18990384615384615
4 0.28846153846153844 0.6911057692307693 0.16826923076923078 0.2091346153846154
4 0.7079326923076923 0.7920673076923077 0.18269230769230768 0.24278846153846154
4 0.1466346153846154 0.7524038461538461 0.19471153846153846 0.20432692307692307
4 0.4483173076923077 0.7956730769230769 0.1971153846153846 0.20673076923076922
4 0.8653846153846154 0.8353365384615384 0.21394230769230768 0.22355769230769232
4 0.28966346153846156 0.8653846153846154 0.22115384615384615 0.23076923076923078
