4 0.42427884615384615 0.37259615384615385 0.6682692307692307 0.6538461538461539
4 0.2644230769230769 0.5492788461538461 0.18509615384615385 0.1875
4 0.7956730769230769 0.5564903846153846 0.16105769230769232 0.23798076923076922
4 0.109375 0.6298076923076923 0.1778846153846154 0.18269230769230768
4 0.3004807692307692 0.6574519230769231 0.18269230769230768 0.18509615384615385
4 0.7211538461538461 0.7103365384615384 0.1778846153846154 0.23317307692307693
4 0.15985576923076922 0.734375 0.14903846153846154 0.23798076923076922
4 0.46153846153846156 0.7439903846153846 0.13942307692307693 0.25
4 0.8786057692307693 0.7379807692307693 0.15625 0.2644230769230769
4 0.30408653846153844 0.8305288461538461 0.21634615384615385 0.21875
