4 0.4579326923076923 0.2439903846153846 0.20673076923076922 0.20432692307692307
4 0.7487980769230769 0.39663461538461536 0.24519230769230768 0.2403846153846154
4 0.25721153846153844 0.4855769230769231 0.5144230769230769 0.9663461538461539
4 0.5096153846153846 0.5793269230769231 0.2091346153846154 0.34375
4 0.8305288461538461 0.6514423076923077 0.21394230769230768 0.21153846153846154
4 0.7055288461538461 0.6911057692307693 0.13221153846153846 0.28846153846153844
4 0.5540865384615384 0.8137019230769231 0.15384615384615385 0.24278846153846154
4 0.7199519230769231 0.8942307692307693 0.2283653846153846 0.20673076923076922
4 0.36658653846153844 0.8966346153846154 0.1971153846153846 0.19471153846153846
4 0.5817307692307693 0.9387019230769231 0.14423076923076922 0.11778846153846154
